// Start Time: Unknown
// Update Rate: 100.0Hz
// Filter Profile: human (46.1)
// Firmware Version: 4.6.0
PacketCounter	Acc_X	Acc_Y	Acc_Z	Gyr_X	Gyr_Y	Gyr_Z	Mat[1][1]	Mat[2][1]	Mat[3][1]	Mat[1][2]	Mat[2][2]	Mat[3][2]	Mat[1][3]	Mat[2][3]	Mat[3][3]
18457	9.802670	-0.280773	-0.836003	-0.019351	-0.061004	-0.047037	-0.082754	0.033797	0.995997	0.061210	0.997710	-0.028770	-0.994688	0.058584	-0.084634
18458	9.838057	-0.244741	-0.815319	-0.029974	-0.062055	-0.044244	-0.080595	0.029929	0.996297	0.061280	0.997807	-0.025017	-0.994861	0.059037	-0.082253
18459	9.835112	-0.264972	-0.854894	-0.029278	-0.050736	-0.049183	-0.081890	0.031615	0.996140	0.061398	0.997758	-0.026619	-0.994748	0.058981	-0.083648
18460	9.831153	-0.227855	-0.848359	-0.034686	-0.048833	-0.042306	-0.082402	0.031221	0.996110	0.061708	0.997751	-0.026168	-0.994687	0.059311	-0.084143
18461	9.803958	-0.237017	-0.823303	-0.035349	-0.043018	-0.042220	-0.082817	0.030782	0.996089	0.062067	0.997742	-0.025673	-0.994630	0.059698	-0.084540
18462	9.819937	-0.279848	-0.794104	-0.037521	-0.039524	-0.035159	-0.083232	0.030455	0.996065	0.062411	0.997730	-0.025291	-0.994574	0.060061	-0.084943
18463	9.800868	-0.254380	-0.865070	-0.037836	-0.033150	-0.031256	-0.083630	0.030207	0.996039	0.062714	0.997719	-0.024992	-0.994521	0.060375	-0.085334
18464	9.831685	-0.278737	-0.832832	-0.036112	-0.030472	-0.028290	-0.083951	0.029943	0.996020	0.063049	0.997705	-0.024679	-0.994473	0.060726	-0.085646
18465	9.809424	-0.230881	-0.814550	-0.033344	-0.022719	-0.018066	-0.084205	0.029793	0.996003	0.063349	0.997691	-0.024488	-0.994433	0.061034	-0.085898
18466	9.779829	-0.267550	-0.821101	-0.038615	-0.020621	-0.017308	-0.084422	0.029633	0.995989	0.063718	0.997672	-0.024282	-0.994391	0.061413	-0.086113
18467	9.877067	-0.281006	-0.801936	-0.038989	-0.012602	-0.004373	-0.084565	0.029615	0.995978	0.064085	0.997650	-0.024224	-0.994355	0.061779	-0.086264
18468	9.838080	-0.288716	-0.741379	-0.034965	-0.004617	0.002138	-0.084609	0.029639	0.995973	0.064434	0.997628	-0.024215	-0.994329	0.062126	-0.086318
18469	9.740698	-0.274294	-0.762546	-0.037052	0.000728	0.012101	-0.084551	0.029743	0.995975	0.064839	0.997600	-0.024288	-0.994307	0.062525	-0.086276
18470	9.713833	-0.289171	-0.732957	-0.036430	-0.000024	0.016834	-0.084540	0.029911	0.995971	0.065216	0.997572	-0.024424	-0.994284	0.062888	-0.086285
18471	9.695354	-0.277856	-0.723755	-0.037162	-0.002887	0.022401	-0.084519	0.030146	0.995966	0.065607	0.997542	-0.024627	-0.994260	0.063261	-0.086289
18472	9.647340	-0.305733	-0.719567	-0.034570	-0.012601	0.027471	-0.084626	0.030428	0.995948	0.065974	0.997511	-0.024870	-0.994226	0.063602	-0.086423
18473	9.664561	-0.264188	-0.684659	-0.032068	-0.013869	0.033217	-0.084643	0.030749	0.995937	0.066364	0.997478	-0.025157	-0.994199	0.063965	-0.086470
18474	9.643282	-0.279160	-0.710984	-0.038002	-0.019678	0.034693	-0.084816	0.031108	0.995911	0.066771	0.997443	-0.025470	-0.994157	0.064338	-0.086676
18475	9.606244	-0.256245	-0.694324	-0.040801	-0.025757	0.033462	-0.085004	0.031511	0.995882	0.067168	0.997407	-0.025826	-0.994114	0.064696	-0.086900
18476	9.627018	-0.247342	-0.673050	-0.046381	-0.041319	0.035171	-0.085391	0.031888	0.995837	0.067659	0.997366	-0.026136	-0.994048	0.065145	-0.087324
18477	9.732414	-0.238870	-0.676881	-0.056552	-0.046863	0.036927	-0.085788	0.032360	0.995788	0.068180	0.997320	-0.026536	-0.993978	0.065617	-0.087764
18478	9.744693	-0.256972	-0.636825	-0.065027	-0.046338	0.037495	-0.086222	0.032764	0.995737	0.068859	0.997265	-0.026852	-0.993893	0.066250	-0.088243
18479	9.776675	-0.196775	-0.602857	-0.071126	-0.045548	0.036756	-0.086559	0.033224	0.995693	0.069521	0.997209	-0.027231	-0.993818	0.066865	-0.088627
18480	9.758684	-0.244268	-0.644215	-0.082265	-0.052634	0.043137	-0.087052	0.033690	0.995634	0.070376	0.997139	-0.027587	-0.993715	0.067667	-0.089173
18481	9.797085	-0.192036	-0.588263	-0.094135	-0.047098	0.041324	-0.087349	0.034203	0.995590	0.071247	0.997066	-0.028003	-0.993627	0.068487	-0.089529
18482	9.778405	-0.182447	-0.583441	-0.103703	-0.046563	0.039469	-0.087783	0.034629	0.995538	0.072312	0.996980	-0.028303	-0.993512	0.069505	-0.090022
18483	9.799274	-0.173564	-0.563613	-0.124849	-0.046839	0.031882	-0.087969	0.034996	0.995508	0.073510	0.996886	-0.028549	-0.993407	0.070668	-0.090268
18484	9.808821	-0.215670	-0.557999	-0.137019	-0.045227	0.030401	-0.088396	0.035332	0.995459	0.074898	0.996777	-0.028728	-0.993266	0.072018	-0.090757
18485	9.836152	-0.213558	-0.515668	-0.152434	-0.041771	0.024575	-0.088546	0.035490	0.995440	0.076367	0.996665	-0.028740	-0.993140	0.073474	-0.090961
18486	9.866998	-0.243176	-0.485079	-0.164346	-0.038034	0.019848	-0.088908	0.035716	0.995399	0.078017	0.996536	-0.028788	-0.992980	0.075098	-0.091387
18487	9.911332	-0.186862	-0.481683	-0.174040	-0.029262	0.024820	-0.088810	0.035915	0.995401	0.079657	0.996405	-0.028845	-0.992858	0.076729	-0.091351
18488	9.847887	-0.176691	-0.435168	-0.185630	-0.016532	0.024641	-0.088954	0.036174	0.995379	0.081522	0.996252	-0.028920	-0.992694	0.078573	-0.091570
18489	9.848744	-0.189319	-0.360171	-0.202247	-0.006677	0.036409	-0.088540	0.036497	0.995404	0.083371	0.996093	-0.029107	-0.992577	0.080411	-0.091237
18490	9.870327	-0.237599	-0.382940	-0.211239	0.001324	0.046086	-0.088488	0.036955	0.995391	0.085508	0.995904	-0.029372	-0.992400	0.082515	-0.091286
18491	9.747085	-0.250332	-0.296830	-0.217261	0.010656	0.046028	-0.087703	0.037233	0.995451	0.087623	0.995716	-0.029523	-0.992285	0.084635	-0.090590
18492	9.543808	-0.249276	-0.316148	-0.221885	0.018663	0.049290	-0.087474	0.037708	0.995453	0.089867	0.995507	-0.029813	-0.992105	0.086851	-0.090470
18493	9.389491	-0.233992	-0.263998	-0.226317	0.006369	0.055088	-0.086713	0.038114	0.995504	0.091946	0.995309	-0.030098	-0.991981	0.088923	-0.089811
18494	9.561220	-0.159494	-0.231844	-0.233503	-0.015411	0.063661	-0.086807	0.038761	0.995471	0.094317	0.995074	-0.030521	-0.991750	0.091241	-0.090035
18495	9.635927	-0.125230	-0.267904	-0.243423	-0.020784	0.065173	-0.086123	0.039300	0.995509	0.096493	0.994853	-0.030926	-0.991601	0.093396	-0.089472
18496	9.713752	-0.067564	-0.269223	-0.258294	-0.020355	0.073263	-0.086253	0.040048	0.995468	0.099117	0.994580	-0.031424	-0.991331	0.095957	-0.089755
18497	9.917977	0.022594	-0.320141	-0.273905	0.002749	0.083206	-0.085261	0.040633	0.995530	0.101639	0.994310	-0.031879	-0.991161	0.098467	-0.088906
18498	10.042035	0.068086	-0.280112	-0.295434	0.032008	0.091229	-0.084850	0.041508	0.995529	0.104645	0.993978	-0.032525	-0.990883	0.101417	-0.088682
18499	9.947178	0.167294	-0.287453	-0.327912	0.071418	0.101014	-0.083009	0.042227	0.995654	0.107417	0.993660	-0.033187	-0.990743	0.104195	-0.087019
18500	9.849513	0.243005	-0.326015	-0.357377	0.098597	0.101374	-0.081922	0.043131	0.995705	0.111040	0.993238	-0.033888	-0.990434	0.107787	-0.086157
18501	9.782938	0.289724	-0.327901	-0.394081	0.119692	0.096739	-0.079590	0.043515	0.995877	0.114579	0.992824	-0.034224	-0.990221	0.111383	-0.084005
18502	9.868181	0.336739	-0.289472	-0.429788	0.140747	0.084512	-0.078098	0.044195	0.995966	0.118900	0.992299	-0.034709	-0.989830	0.115710	-0.082751
18503	9.922305	0.482242	-0.308434	-0.475748	0.170847	0.084778	-0.075271	0.044274	0.996180	0.123095	0.991785	-0.034778	-0.989536	0.120007	-0.080103
18504	10.152347	0.673325	-0.298476	-0.527367	0.215752	0.083917	-0.073031	0.044843	0.996321	0.128373	0.991101	-0.035198	-0.989033	0.125330	-0.078138
18505	10.225853	0.752789	-0.364004	-0.609833	0.265149	0.082579	-0.069192	0.044546	0.996608	0.133839	0.990386	-0.034976	-0.988585	0.130965	-0.074488
18506	10.015648	0.742771	-0.409942	-0.685876	0.305981	0.064720	-0.066078	0.044778	0.996809	0.140659	0.989435	-0.035123	-0.987851	0.137889	-0.071679
18507	9.862898	0.705825	-0.373493	-0.758457	0.315048	0.032950	-0.061778	0.043785	0.997129	0.147227	0.988508	-0.034285	-0.987172	0.144686	-0.067515
18508	9.867961	0.554615	-0.376814	-0.822340	0.320819	-0.011635	-0.058630	0.043197	0.997345	0.155331	0.987290	-0.033630	-0.986121	0.152947	-0.064595
18509	9.711219	0.488151	-0.303173	-0.869243	0.317212	-0.058400	-0.054727	0.040989	0.997660	0.163088	0.986106	-0.031568	-0.985093	0.160978	-0.060652
18510	9.857686	0.383352	-0.277016	-0.909901	0.305836	-0.096655	-0.051878	0.039535	0.997871	0.171990	0.984640	-0.030069	-0.983732	0.170064	-0.057881
18511	10.046728	0.248239	-0.251443	-0.934091	0.314697	-0.132419	-0.047943	0.036530	0.998182	0.180342	0.983225	-0.027321	-0.982435	0.178704	-0.053727
18512	9.838964	0.214802	-0.241193	-0.946564	0.334769	-0.164140	-0.044960	0.034310	0.998399	0.189553	0.981547	-0.025194	-0.980840	0.188117	-0.050634
18513	9.792984	0.228776	-0.168551	-0.955434	0.338050	-0.187087	-0.041096	0.030599	0.998687	0.198163	0.979925	-0.021870	-0.979307	0.197004	-0.046334
18514	9.891542	0.180758	-0.165169	-0.956864	0.339555	-0.211958	-0.038203	0.027845	0.998882	0.207437	0.978057	-0.019331	-0.977502	0.206466	-0.043141
18515	9.756225	0.226544	-0.167418	-0.963546	0.339079	-0.226212	-0.034529	0.023729	0.999122	0.215915	0.976286	-0.015724	-0.975801	0.215182	-0.038834
18516	9.443122	0.188795	-0.168651	-0.956578	0.326121	-0.237949	-0.031874	0.020697	0.999278	0.225156	0.974236	-0.012997	-0.973801	0.224579	-0.035713
18517	9.534488	0.134308	-0.117585	-0.943074	0.295929	-0.239755	-0.028648	0.016645	0.999451	0.233428	0.972328	-0.009502	-0.971952	0.233028	-0.031741
18518	9.482665	0.090571	-0.055221	-0.921343	0.275103	-0.233453	-0.026533	0.013732	0.999554	0.242303	0.970176	-0.006897	-0.969838	0.242012	-0.029069
18519	9.429862	0.027058	-0.034883	-0.891533	0.245079	-0.224697	-0.023944	0.010019	0.999663	0.249978	0.968244	-0.003716	-0.967955	0.249805	-0.025688
18520	9.536047	-0.012009	0.012309	-0.856418	0.216746	-0.212569	-0.022391	0.007421	0.999722	0.258202	0.966090	-0.001389	-0.965831	0.258099	-0.023547
18521	9.454103	-0.043618	-0.005364	-0.820164	0.194163	-0.204689	-0.020415	0.003876	0.999784	0.265302	0.964164	0.001679	-0.963949	0.265279	-0.020712
18522	9.515617	0.002784	-0.016885	-0.775924	0.172247	-0.189786	-0.019269	0.001593	0.999813	0.272729	0.962084	0.003723	-0.961898	0.272749	-0.018973
18523	9.741208	-0.026445	0.000646	-0.744921	0.163081	-0.169467	-0.017556	-0.001371	0.999845	0.279139	0.960231	0.006218	-0.960090	0.279205	-0.016475
18524	9.618324	-0.068056	0.071810	-0.712200	0.153069	-0.144032	-0.016498	-0.003177	0.999859	0.285938	0.958217	0.007763	-0.958106	0.286026	-0.014900
18525	9.502435	-0.042177	0.034918	-0.674474	0.128533	-0.135933	-0.014712	-0.005411	0.999877	0.291506	0.956522	0.009466	-0.956456	0.291610	-0.012495
18526	9.497781	0.014603	0.103640	-0.643009	0.099434	-0.132010	-0.014155	-0.006954	0.999876	0.297622	0.954622	0.010853	-0.954579	0.297738	-0.011443
18527	9.713235	0.022301	0.112687	-0.616343	0.081850	-0.131873	-0.013145	-0.009213	0.999871	0.302829	0.952959	0.012762	-0.952954	0.302958	-0.009736
18528	9.665641	0.008188	0.115607	-0.585919	0.067672	-0.139309	-0.012931	-0.010734	0.999859	0.308379	0.951157	0.014200	-0.951176	0.308519	-0.008989
18529	9.711573	0.135440	0.153476	-0.560591	0.061111	-0.150607	-0.011908	-0.012893	0.999846	0.313045	0.949604	0.015973	-0.949664	0.313187	-0.007272
18530	9.885069	0.310167	0.159637	-0.553659	0.067197	-0.156816	-0.011771	-0.014579	0.999824	0.318267	0.947838	0.017568	-0.947928	0.318418	-0.006517
18531	9.993187	0.411446	0.226923	-0.567492	0.084172	-0.163879	-0.010859	-0.016765	0.999800	0.322608	0.946335	0.019373	-0.946470	0.322754	-0.004868
18532	10.039542	0.453591	0.244479	-0.589631	0.113382	-0.170818	-0.010350	-0.018733	0.999771	0.328151	0.944390	0.021092	-0.944569	0.328294	-0.003627
18533	9.936743	0.500906	0.218089	-0.619425	0.135471	-0.162658	-0.008954	-0.021102	0.999737	0.333139	0.942600	0.022879	-0.942835	0.333256	-0.001410
18534	9.874691	0.456196	0.181187	-0.659654	0.148696	-0.153211	-0.008077	-0.023026	0.999702	0.339322	0.940354	0.024401	-0.940635	0.339418	0.000218
18535	9.946268	0.432199	0.093334	-0.703377	0.155477	-0.138739	-0.006407	-0.025119	0.999664	0.344874	0.938295	0.025787	-0.938627	0.344924	0.002651
18536	10.012251	0.291226	-0.013339	-0.744991	0.173873	-0.138246	-0.005269	-0.026998	0.999622	0.351831	0.935671	0.027125	-0.936049	0.351841	0.004569
18537	10.080086	0.119019	0.009166	-0.774976	0.185734	-0.141105	-0.003315	-0.029408	0.999562	0.358455	0.933108	0.028642	-0.933541	0.358393	0.007448
18538	10.269471	-0.094059	0.061466	-0.802322	0.225747	-0.155404	-0.001784	-0.031649	0.999497	0.365909	0.930163	0.030106	-0.930649	0.365779	0.009921
18539	10.163588	-0.341513	0.107235	-0.809054	0.275779	-0.168562	0.000716	-0.034564	0.999402	0.372759	0.927383	0.031806	-0.927928	0.372513	0.013549
18540	10.202363	-0.592416	0.143006	-0.797243	0.331184	-0.184915	0.003076	-0.037495	0.999292	0.380126	0.924327	0.033512	-0.924929	0.379754	0.017097
18541	10.042325	-0.766165	0.198343	-0.769484	0.395771	-0.197685	0.006490	-0.040879	0.999143	0.386282	0.921709	0.035202	-0.922358	0.385723	0.021773
18542	9.688467	-0.841322	0.163830	-0.732425	0.455724	-0.198192	0.009901	-0.044446	0.998963	0.393019	0.918786	0.036984	-0.919477	0.392245	0.026566
18543	9.309170	-0.882936	0.163598	-0.696878	0.495461	-0.196110	0.014392	-0.048163	0.998736	0.398926	0.916177	0.038433	-0.916870	0.397869	0.032399
18544	9.080986	-0.936716	0.272964	-0.657320	0.514707	-0.183200	0.018356	-0.051868	0.998485	0.404948	0.913464	0.040007	-0.914156	0.403600	0.037771
18545	9.027653	-1.045059	0.357207	-0.636892	0.502008	-0.158162	0.022931	-0.055361	0.998203	0.410551	0.910911	0.041088	-0.911549	0.408871	0.043617
18546	9.084471	-1.099867	0.486620	-0.609794	0.461916	-0.131569	0.026581	-0.058424	0.997938	0.416108	0.908340	0.042095	-0.908927	0.414131	0.048456
18547	9.085288	-1.343309	0.539026	-0.589513	0.417016	-0.119319	0.030319	-0.060897	0.997683	0.420704	0.906200	0.042528	-0.906691	0.418440	0.053095
18548	8.993299	-1.578584	0.518573	-0.549354	0.360000	-0.120612	0.033056	-0.063468	0.997436	0.425689	0.903828	0.043404	-0.904266	0.423163	0.056895
18549	8.806889	-1.794089	0.464907	-0.488909	0.287532	-0.130031	0.035629	-0.065323	0.997228	0.429471	0.902021	0.043742	-0.902378	0.426722	0.060192
18550	8.562377	-1.927897	0.452363	-0.418601	0.205520	-0.138104	0.036872	-0.067411	0.997044	0.433264	0.900151	0.044837	-0.900512	0.430330	0.062397
18551	8.627781	-2.070928	0.411033	-0.343791	0.115063	-0.142302	0.038105	-0.068253	0.996940	0.435880	0.898885	0.044879	-0.899198	0.432836	0.064002
18552	8.793511	-2.182953	0.362107	-0.263865	0.010949	-0.151603	0.037526	-0.069621	0.996867	0.438276	0.897653	0.046193	-0.898057	0.435170	0.064199
18553	8.894859	-2.255001	0.321995	-0.174938	-0.080282	-0.169169	0.036899	-0.069748	0.996882	0.439591	0.896994	0.046488	-0.897440	0.436505	0.063759
18554	9.043792	-2.299961	0.186097	-0.091887	-0.172587	-0.189301	0.034504	-0.070647	0.996904	0.440449	0.896478	0.048286	-0.897114	0.437420	0.062048
18555	9.152101	-2.384884	0.050338	-0.001170	-0.258272	-0.214092	0.031866	-0.070335	0.997014	0.439996	0.896651	0.049192	-0.897434	0.437115	0.059520
18556	9.128759	-2.507490	-0.090864	0.099641	-0.344233	-0.239693	0.027707	-0.070936	0.997096	0.439139	0.896936	0.051608	-0.897992	0.436434	0.056002
18557	9.343842	-2.635700	-0.177388	0.217168	-0.428503	-0.276916	0.023416	-0.069969	0.997274	0.436451	0.898179	0.052768	-0.899423	0.434025	0.051570
18558	9.643802	-2.736830	-0.240192	0.351492	-0.491755	-0.320363	0.017578	-0.070673	0.997345	0.433315	0.899495	0.056102	-0.901071	0.431178	0.046435
18559	9.724073	-2.654839	-0.386915	0.497256	-0.526356	-0.360793	0.011964	-0.070037	0.997473	0.428333	0.901746	0.058178	-0.903542	0.426555	0.040788
18560	9.940299	-2.486052	-0.503533	0.645655	-0.539651	-0.390338	0.005399	-0.071226	0.997446	0.422486	0.904227	0.062282	-0.906354	0.421070	0.034974
18561	10.136202	-2.203072	-0.620059	0.777468	-0.527827	-0.391630	-0.000086	-0.070522	0.997510	0.415532	0.907311	0.064181	-0.909578	0.414503	0.029226
18562	10.261460	-1.816889	-0.664147	0.876481	-0.480231	-0.374683	-0.006025	-0.071904	0.997393	0.407493	0.910664	0.068114	-0.913188	0.406842	0.023814
18563	10.354645	-1.554013	-0.634546	0.949006	-0.418023	-0.340994	-0.010514	-0.071303	0.997399	0.398452	0.914546	0.069580	-0.917129	0.398147	0.018795
18564	10.248765	-1.453632	-0.535949	0.998137	-0.340555	-0.309942	-0.014888	-0.072751	0.997239	0.389198	0.918273	0.072800	-0.921034	0.389208	0.014643
18565	10.072409	-1.420992	-0.457273	1.045317	-0.265754	-0.284838	-0.017886	-0.072374	0.997217	0.379109	0.922409	0.073744	-0.925179	0.379373	0.010939
18566	9.694614	-1.442367	-0.375961	1.085511	-0.211771	-0.268123	-0.020878	-0.074007	0.997039	0.368950	0.926297	0.076482	-0.929215	0.369454	0.007965
18567	9.413080	-1.360810	-0.242838	1.126796	-0.175331	-0.259165	-0.022868	-0.073677	0.997020	0.358003	0.930542	0.076976	-0.933440	0.358696	0.005097
18568	9.271275	-1.331427	-0.190405	1.146493	-0.159031	-0.255887	-0.025287	-0.075449	0.996829	0.347173	0.934423	0.079532	-0.937460	0.348083	0.002565
18569	9.084535	-1.331566	-0.142478	1.168498	-0.148627	-0.264505	-0.026987	-0.075280	0.996797	0.336378	0.938325	0.079971	-0.941340	0.337458	-0.000000
18570	8.949520	-1.313619	-0.067876	1.183236	-0.149942	-0.271607	-0.029330	-0.077285	0.996578	0.325096	0.942065	0.082625	-0.945226	0.326407	-0.002506
18571	8.880672	-1.285304	-0.040343	1.188362	-0.174226	-0.282688	-0.031126	-0.076987	0.996546	0.314096	0.945767	0.082875	-0.948881	0.315591	-0.005256
18572	8.730478	-1.388986	-0.012830	1.193513	-0.198395	-0.297681	-0.033961	-0.079142	0.996285	0.302609	0.949252	0.085721	-0.952510	0.304396	-0.008289
18573	8.721326	-1.366885	0.016259	1.200128	-0.235238	-0.312051	-0.036402	-0.078939	0.996215	0.291776	0.952600	0.086144	-0.955794	0.293807	-0.011644
18574	8.603139	-1.397309	0.045873	1.208444	-0.275283	-0.322236	-0.039988	-0.081168	0.995898	0.280039	0.955840	0.089147	-0.959155	0.282455	-0.015492
18575	8.538551	-1.439635	0.018617	1.223599	-0.329855	-0.328350	-0.043392	-0.081135	0.995758	0.268643	0.959040	0.089850	-0.962262	0.271402	-0.019818
18576	8.491177	-1.414657	0.020954	1.229985	-0.395502	-0.333192	-0.048109	-0.083234	0.995368	0.256593	0.962049	0.092849	-0.965321	0.259872	-0.024926
18577	8.529904	-1.425181	-0.118827	1.252732	-0.461595	-0.342163	-0.052564	-0.082796	0.995179	0.245554	0.964888	0.093246	-0.967957	0.249272	-0.030388
18578	8.633653	-1.306301	-0.245367	1.265730	-0.527506	-0.349850	-0.058544	-0.084844	0.994673	0.233051	0.967689	0.096259	-0.970701	0.237445	-0.036879
18579	8.969712	-1.176796	-0.400099	1.278351	-0.583386	-0.356845	-0.064178	-0.084325	0.994369	0.221649	0.970331	0.096592	-0.973012	0.226600	-0.043583
18580	9.334940	-1.018068	-0.533194	1.276607	-0.617327	-0.353592	-0.070980	-0.086351	0.993733	0.208936	0.972858	0.099461	-0.975350	0.214687	-0.051012
18581	9.460294	-0.832618	-0.690547	1.268007	-0.635443	-0.351378	-0.077112	-0.085915	0.993314	0.196880	0.975351	0.099645	-0.977390	0.203248	-0.058296
18582	9.700568	-0.753547	-0.833831	1.253007	-0.639050	-0.341386	-0.084042	-0.087940	0.992574	0.184311	0.977539	0.102213	-0.979268	0.191532	-0.065946
18583	9.829109	-0.613893	-0.854567	1.227872	-0.632666	-0.328755	-0.089980	-0.087335	0.992107	0.173058	0.979623	0.101932	-0.980793	0.180864	-0.073032
18584	9.897015	-0.577968	-0.901233	1.204342	-0.609005	-0.322138	-0.096522	-0.089381	0.991309	0.160903	0.981459	0.104160	-0.982239	0.169558	-0.080351
18585	9.864845	-0.450295	-0.981888	1.173942	-0.596418	-0.310362	-0.102119	-0.088682	0.990811	0.151101	0.983078	0.103564	-0.983229	0.160288	-0.086991
18586	9.787195	-0.268577	-1.079161	1.142892	-0.582768	-0.299084	-0.108310	-0.090679	0.989973	0.139514	0.984589	0.105450	-0.984279	0.149536	-0.093990
18587	9.898433	-0.194962	-1.186093	1.091464	-0.575124	-0.304656	-0.113683	-0.090179	0.989416	0.130123	0.985942	0.104814	-0.984959	0.140661	-0.100350
18588	10.144680	-0.037583	-1.234587	1.040922	-0.561552	-0.306538	-0.119619	-0.092399	0.988511	0.119484	0.987083	0.106724	-0.985604	0.130877	-0.107034
18589	10.288205	-0.017316	-1.296225	0.976514	-0.534081	-0.308955	-0.124329	-0.091983	0.987968	0.110639	0.988200	0.105928	-0.986053	0.122478	-0.112685
18590	10.224534	0.052066	-1.278896	0.906178	-0.499672	-0.302779	-0.129596	-0.094344	0.987068	0.101295	0.988996	0.107827	-0.986379	0.113959	-0.118614
18591	9.999198	-0.035375	-1.300843	0.842183	-0.475800	-0.309956	-0.133790	-0.094276	0.986515	0.093604	0.989812	0.107285	-0.986579	0.106696	-0.123602
18592	9.933545	-0.131709	-1.250267	0.798066	-0.464842	-0.330127	-0.138689	-0.097024	0.985572	0.085260	0.990325	0.109490	-0.986659	0.099215	-0.129075
18593	9.923893	-0.165044	-1.256197	0.770339	-0.452249	-0.348636	-0.142657	-0.097213	0.984987	0.079257	0.990847	0.109271	-0.986594	0.093655	-0.133647
18594	9.904755	-0.053456	-1.237696	0.740317	-0.443762	-0.371731	-0.147330	-0.100457	0.983973	0.071398	0.991153	0.111881	-0.986507	0.086737	-0.138854
18595	10.069519	0.130170	-1.226323	0.705123	-0.449562	-0.392734	-0.151334	-0.101488	0.983259	0.065215	0.991523	0.112378	-0.986329	0.081129	-0.143433
18596	10.104831	0.199388	-1.336687	0.655736	-0.465193	-0.405253	-0.156185	-0.105105	0.982120	0.058111	0.991622	0.115363	-0.986017	0.075090	-0.148769
18597	10.173824	0.198628	-1.488243	0.622473	-0.500443	-0.424894	-0.160874	-0.106317	0.981232	0.053884	0.991752	0.116291	-0.985503	0.071581	-0.153818
18598	10.493948	0.229984	-1.558929	0.598237	-0.539004	-0.441243	-0.166416	-0.110285	0.979869	0.047260	0.991692	0.119642	-0.984922	0.066219	-0.159822
18599	10.715072	0.375480	-1.780943	0.582167	-0.544957	-0.448459	-0.171022	-0.111444	0.978944	0.042628	0.991815	0.120356	-0.984345	0.062314	-0.164872
18600	10.957135	0.722340	-1.824394	0.559428	-0.552166	-0.447061	-0.176637	-0.115509	0.977475	0.036342	0.991648	0.123751	-0.983605	0.057383	-0.170963
18601	11.284360	1.082522	-1.941051	0.511724	-0.528264	-0.418835	-0.181534	-0.116995	0.976400	0.032799	0.991625	0.124917	-0.982838	0.054702	-0.176176
18602	11.553211	1.440245	-1.949760	0.448109	-0.500649	-0.377384	-0.186570	-0.120437	0.975032	0.027703	0.991418	0.127762	-0.982051	0.050848	-0.181632
18603	11.897788	1.622109	-1.902159	0.354075	-0.462750	-0.317107	-0.190564	-0.121148	0.974171	0.024636	0.991453	0.128116	-0.981366	0.048414	-0.185951
18604	12.133976	1.665592	-1.971138	0.260691	-0.417914	-0.266112	-0.194725	-0.123552	0.973045	0.021569	0.991256	0.130180	-0.980621	0.046337	-0.190358
18605	11.983710	1.676603	-1.983697	0.182321	-0.381732	-0.231118	-0.197857	-0.123344	0.972439	0.020970	0.991292	0.130002	-0.980006	0.046114	-0.193548
18606	11.806883	1.615419	-2.274788	0.118212	-0.358826	-0.201621	-0.201410	-0.125142	0.971480	0.019416	0.991100	0.131695	-0.979314	0.045387	-0.197188
18607	10.946396	1.632517	-2.660049	0.086338	-0.320184	-0.179739	-0.203887	-0.124573	0.971036	0.019744	0.991146	0.131298	-0.978795	0.045942	-0.199622
18608	10.266549	1.804153	-2.730128	0.084453	-0.358294	-0.175560	-0.207421	-0.126113	0.970089	0.018566	0.990969	0.132797	-0.978076	0.045556	-0.203206
18609	10.664645	2.192622	-2.704180	0.078220	-0.419760	-0.163778	-0.211169	-0.125821	0.969318	0.018702	0.990979	0.132707	-0.977271	0.046152	-0.206911
18610	10.765089	2.634369	-2.936675	0.030605	-0.426239	-0.104696	-0.215346	-0.126627	0.968293	0.018192	0.990865	0.133624	-0.976368	0.046390	-0.211075
18611	9.876199	2.995975	-3.130000	-0.022473	-0.441192	-0.032183	-0.219120	-0.125118	0.967642	0.018947	0.991011	0.132430	-0.975514	0.047352	-0.214780
18612	9.510471	3.296904	-3.250452	-0.072901	-0.492944	0.006027	-0.223917	-0.124786	0.966587	0.019684	0.990988	0.132496	-0.974409	0.048695	-0.219443
18613	9.390641	3.316793	-3.461469	-0.120889	-0.518767	0.032231	-0.228732	-0.122948	0.965694	0.021658	0.991104	0.131313	-0.973248	0.050951	-0.224035
18614	8.884991	3.276531	-3.583995	-0.127608	-0.531544	0.023736	-0.233888	-0.122400	0.964528	0.022969	0.991071	0.131339	-0.971992	0.052873	-0.228988
18615	8.652342	3.247627	-3.543825	-0.107069	-0.576554	-0.021635	-0.239289	-0.121282	0.963344	0.024281	0.991110	0.130809	-0.970645	0.054692	-0.234217
18616	8.873141	3.412807	-3.492677	-0.062370	-0.608965	-0.076426	-0.245205	-0.121666	0.961807	0.024716	0.990987	0.131658	-0.969156	0.056055	-0.239988
18617	8.924175	3.688676	-3.350393	-0.029018	-0.635078	-0.103631	-0.251352	-0.121544	0.960234	0.025064	0.990934	0.131991	-0.967571	0.057243	-0.246027
18618	8.891667	4.054235	-3.342549	-0.022646	-0.652848	-0.103360	-0.257680	-0.122155	0.958478	0.025036	0.990799	0.133005	-0.965906	0.058269	-0.252251
18619	8.564332	4.234298	-3.260354	-0.030123	-0.669731	-0.062834	-0.264176	-0.121708	0.956764	0.025588	0.990772	0.133099	-0.964135	0.059644	-0.258624
18620	8.392757	4.369396	-3.074728	-0.045711	-0.696037	-0.003424	-0.270872	-0.121286	0.954944	0.026037	0.990745	0.133218	-0.962263	0.060949	-0.265207
18621	8.343401	4.224024	-3.031853	-0.066533	-0.713272	0.067699	-0.277779	-0.119679	0.953161	0.027279	0.990826	0.132358	-0.960258	0.062767	-0.271966
18622	8.152546	4.065048	-2.870571	-0.063760	-0.744775	0.114781	-0.284881	-0.118032	0.951268	0.028231	0.990926	0.131408	-0.958147	0.064291	-0.278964
18623	8.221858	4.023345	-2.756910	-0.045479	-0.788848	0.146435	-0.292485	-0.115826	0.949230	0.029165	0.991095	0.129921	-0.955825	0.065685	-0.286503
18624	8.229265	4.108915	-2.811620	-0.022949	-0.819384	0.163503	-0.300249	-0.113625	0.947069	0.029888	0.991271	0.128404	-0.953393	0.066859	-0.294232
18625	7.935827	4.172136	-2.853273	-0.013900	-0.855708	0.197528	-0.308413	-0.110948	0.944760	0.030750	0.991493	0.126474	-0.950755	0.068057	-0.302378
18626	8.078892	4.142781	-2.763255	-0.008864	-0.921290	0.235032	-0.317076	-0.107948	0.942237	0.031588	0.991748	0.124250	-0.947874	0.069160	-0.311050
18627	8.556358	4.080145	-2.798679	-0.018448	-0.965455	0.276711	-0.326191	-0.104553	0.939504	0.032614	0.992028	0.121721	-0.944741	0.070346	-0.320180
18628	8.537120	4.025762	-2.947459	-0.029780	-0.972862	0.320731	-0.335249	-0.100643	0.936739	0.033976	0.992340	0.118776	-0.941517	0.071646	-0.329261
18629	8.389721	3.926700	-3.015391	-0.044589	-0.979504	0.355056	-0.344389	-0.096552	0.933849	0.035562	0.992642	0.115746	-0.938153	0.073071	-0.338422
18630	8.262145	3.812866	-3.129385	-0.060382	-0.972292	0.398089	-0.353338	-0.091845	0.930976	0.037537	0.992975	0.112208	-0.934742	0.074594	-0.347409
18631	8.166761	3.658552	-3.180616	-0.087384	-0.951286	0.443163	-0.362121	-0.086986	0.928064	0.039923	0.993275	0.108676	-0.931276	0.076405	-0.356213
18632	8.140812	3.585233	-3.128271	-0.128735	-0.929664	0.504306	-0.370543	-0.081220	0.925257	0.042989	0.993602	0.104435	-0.927820	0.078473	-0.364681
18633	8.167465	3.395839	-3.144420	-0.182730	-0.897568	0.567025	-0.378668	-0.075244	0.922469	0.046596	0.993876	0.100196	-0.924359	0.080924	-0.372843
18634	8.159039	3.148426	-3.047893	-0.252440	-0.850452	0.632472	-0.386195	-0.068220	0.919891	0.051366	0.994124	0.095289	-0.920986	0.084051	-0.380421
18635	7.972612	2.872899	-3.036319	-0.307270	-0.811765	0.670027	-0.393364	-0.061327	0.917335	0.056545	0.994270	0.090718	-0.917642	0.087556	-0.387643
18636	7.855023	2.612753	-3.071129	-0.353406	-0.779754	0.699197	-0.400080	-0.053640	0.914909	0.062578	0.994357	0.085663	-0.914341	0.091525	-0.394465
18637	7.720943	2.353582	-3.189954	-0.393039	-0.771578	0.715709	-0.406691	-0.046326	0.912390	0.068779	0.994326	0.081144	-0.910973	0.095754	-0.401197
18638	7.967475	2.087968	-3.270442	-0.417614	-0.761978	0.715387	-0.413092	-0.038431	0.909878	0.075530	0.994221	0.076284	-0.907552	0.100236	-0.407802
18639	8.117763	1.761208	-3.332496	-0.422257	-0.747258	0.699695	-0.419318	-0.031266	0.907301	0.081954	0.994023	0.072130	-0.904133	0.104602	-0.414249
18640	8.227106	1.513113	-3.369446	-0.416047	-0.727325	0.672576	-0.425296	-0.023768	0.904742	0.088571	0.993764	0.067742	-0.900710	0.108944	-0.420539
18641	8.285280	1.320446	-3.411665	-0.392699	-0.702715	0.641572	-0.431057	-0.017199	0.902161	0.094521	0.993457	0.064102	-0.897360	0.112905	-0.426611
18642	8.313798	1.114965	-3.470160	-0.354501	-0.681857	0.604161	-0.436564	-0.010380	0.899613	0.100339	0.993133	0.060152	-0.894060	0.116526	-0.432525
18643	8.311091	1.068186	-3.539360	-0.309186	-0.659920	0.564240	-0.441885	-0.004594	0.897060	0.105254	0.992814	0.056932	-0.890876	0.119577	-0.438226
18644	8.337230	1.038609	-3.557956	-0.253605	-0.639611	0.533205	-0.446987	0.001507	0.894539	0.109902	0.992515	0.053244	-0.887764	0.122111	-0.443807
18645	8.350439	1.156248	-3.602574	-0.209523	-0.626020	0.520297	-0.451932	0.006847	0.892026	0.113771	0.992247	0.050024	-0.884768	0.124094	-0.449207
18646	8.583486	1.200258	-3.636914	-0.179173	-0.625293	0.527576	-0.456831	0.012898	0.889460	0.117773	0.991970	0.046104	-0.881723	0.125816	-0.454681
18647	8.834404	1.200929	-3.672460	-0.157912	-0.613191	0.547226	-0.461580	0.018508	0.886906	0.121286	0.991711	0.042427	-0.878768	0.127152	-0.459998
18648	9.018741	1.152191	-3.702774	-0.137602	-0.595315	0.564142	-0.466095	0.024898	0.884385	0.125131	0.991411	0.038037	-0.875841	0.128393	-0.465207
18649	9.204830	1.037603	-3.764991	-0.123740	-0.572432	0.579623	-0.470281	0.030770	0.881980	0.128550	0.991121	0.033967	-0.873104	0.129353	-0.470061
18650	9.317230	0.871618	-3.888038	-0.101661	-0.539348	0.590357	-0.474199	0.037355	0.879625	0.132246	0.990786	0.029217	-0.870429	0.130182	-0.474770
18651	9.389351	0.702881	-3.971176	-0.063193	-0.494053	0.585609	-0.477614	0.043194	0.877508	0.135153	0.990514	0.024805	-0.868112	0.130445	-0.478921
18652	9.410360	0.648071	-4.087485	-0.017281	-0.443642	0.574421	-0.480661	0.049497	0.875508	0.138077	0.990223	0.019823	-0.865967	0.130416	-0.482796
18653	9.340180	0.706859	-4.231150	0.031955	-0.381021	0.556924	-0.483107	0.054881	0.873840	0.140047	0.990027	0.015247	-0.864288	0.129745	-0.485975
18654	9.131580	0.832188	-4.341145	0.072282	-0.320469	0.542703	-0.485095	0.060703	0.872352	0.142071	0.989805	0.010126	-0.862844	0.128848	-0.488773
18655	9.008936	0.899476	-4.484861	0.106310	-0.260817	0.535416	-0.486481	0.065689	0.871218	0.143330	0.989660	0.005416	-0.861854	0.127507	-0.490866
18656	8.878534	0.917818	-4.601329	0.135602	-0.189998	0.530281	-0.487339	0.071212	0.870304	0.144766	0.989466	0.000101	-0.861129	0.126039	-0.492514
18657	8.681730	0.805035	-4.714643	0.167466	-0.133420	0.523904	-0.487632	0.075919	0.869742	0.145420	0.989358	-0.004829	-0.860853	0.124123	-0.493483
18658	8.765119	0.645350	-4.867948	0.201099	-0.088789	0.500241	-0.487652	0.081013	0.869271	0.146149	0.989210	-0.010202	-0.860718	0.122068	-0.494230
18659	8.923337	0.514163	-4.853656	0.246436	-0.054398	0.486222	-0.487400	0.085215	0.869010	0.145960	0.989175	-0.015135	-0.860893	0.119464	-0.494562
18660	9.192988	0.480238	-4.855979	0.288977	-0.050529	0.465696	-0.487141	0.089916	0.868682	0.145762	0.989104	-0.020641	-0.861073	0.116565	-0.494940
18661	9.544585	0.531101	-4.890944	0.315615	-0.056069	0.461646	-0.486824	0.093893	0.868439	0.144845	0.989119	-0.025744	-0.861407	0.113256	-0.495127
18662	9.882251	0.497837	-4.920589	0.323859	-0.062907	0.474105	-0.486665	0.098687	0.867997	0.144383	0.989021	-0.031495	-0.861575	0.109996	-0.495570
18663	10.310156	0.491137	-4.910582	0.326534	-0.051693	0.496769	-0.486262	0.103006	0.867721	0.143519	0.988957	-0.036972	-0.861946	0.106557	-0.495676
18664	10.678534	0.416124	-4.799693	0.322436	-0.006979	0.519180	-0.485562	0.108183	0.867483	0.143282	0.988743	-0.043104	-0.862380	0.103365	-0.495597
18665	10.847104	0.239060	-4.687864	0.317835	0.047772	0.548280	-0.484259	0.112893	0.867611	0.142703	0.988553	-0.048980	-0.863209	0.100092	-0.494826
18666	11.159530	0.016562	-4.547257	0.321070	0.101723	0.565544	-0.482557	0.118418	0.867822	0.142684	0.988211	-0.055505	-0.864164	0.097040	-0.493765
18667	11.317061	-0.263984	-4.498776	0.324697	0.159838	0.579008	-0.480124	0.123333	0.868487	0.142121	0.987923	-0.061726	-0.865611	0.093794	-0.491854
18668	11.330951	-0.476017	-4.484183	0.341816	0.211742	0.587356	-0.477438	0.128974	0.869148	0.141991	0.987492	-0.068538	-0.867117	0.090688	-0.489780
18669	11.141900	-0.665191	-4.513374	0.358354	0.238399	0.589592	-0.474404	0.133865	0.870069	0.141160	0.987149	-0.074910	-0.868916	0.087282	-0.487204
18670	11.042567	-0.823449	-4.501792	0.378419	0.222412	0.579163	-0.471637	0.139425	0.870700	0.140628	0.986676	-0.081822	-0.870507	0.083854	-0.484960
18671	11.256607	-0.945886	-4.477756	0.383321	0.173908	0.571837	-0.469067	0.144214	0.871308	0.139426	0.986298	-0.088187	-0.872088	0.080117	-0.482747
18672	11.065075	-1.009965	-4.698508	0.381548	0.150816	0.571216	-0.466938	0.149763	0.871516	0.138788	0.985752	-0.095035	-0.873331	0.076581	-0.481071
18673	10.170210	-1.059108	-4.851454	0.379824	0.102006	0.570955	-0.464978	0.154639	0.871712	0.137530	0.985291	-0.101428	-0.874575	0.072724	-0.479406
18674	10.012570	-1.230634	-5.181465	0.367544	0.022591	0.555453	-0.464000	0.160129	0.871242	0.136912	0.984671	-0.108061	-0.875191	0.069144	-0.478811
18675	9.547266	-1.408925	-5.710414	0.348762	-0.009319	0.546022	-0.463065	0.164812	0.870866	0.135834	0.984148	-0.114024	-0.875854	0.065492	-0.478112
18676	8.413380	-1.513071	-6.282541	0.341120	-0.026075	0.533126	-0.462551	0.170109	0.870120	0.135332	0.983467	-0.120326	-0.876203	0.062098	-0.477925
18677	7.556239	-1.550845	-6.681517	0.337830	-0.041874	0.509338	-0.462042	0.174488	0.869523	0.134196	0.982920	-0.125935	-0.876646	0.058499	-0.477566
18678	7.311935	-1.535396	-6.820224	0.321852	-0.048554	0.491207	-0.461790	0.179377	0.868662	0.133662	0.982227	-0.131772	-0.876860	0.055256	-0.477559
18679	7.651288	-1.613517	-6.714004	0.289633	-0.026260	0.489659	-0.461217	0.183581	0.868088	0.132940	0.981616	-0.136959	-0.877272	0.052236	-0.477143
18680	8.087510	-1.872747	-6.437275	0.241354	0.027084	0.512901	-0.460277	0.188634	0.867503	0.133205	0.980778	-0.142590	-0.877725	0.049925	-0.476556
18681	8.380737	-2.217061	-6.216251	0.194859	0.108504	0.530899	-0.458557	0.193211	0.867407	0.133566	0.979976	-0.147675	-0.878570	0.048139	-0.475181
18682	8.148707	-2.577600	-6.102761	0.148379	0.202851	0.544717	-0.456022	0.198483	0.867553	0.134773	0.978972	-0.153132	-0.879704	0.047091	-0.473183
18683	7.591045	-2.983609	-6.047225	0.122102	0.275159	0.541113	-0.452692	0.203184	0.868208	0.135786	0.978044	-0.158088	-0.881267	0.046326	-0.470343
18684	7.212895	-3.287858	-5.880003	0.106980	0.325272	0.517482	-0.449095	0.208126	0.868906	0.137196	0.977022	-0.163113	-0.882888	0.045957	-0.467330
18685	6.856539	-3.562436	-5.822290	0.101246	0.346908	0.482185	-0.445386	0.212247	0.869817	0.138220	0.976149	-0.167418	-0.884605	0.045661	-0.464100
18686	6.572212	-3.828555	-5.755874	0.097522	0.345418	0.426654	-0.441714	0.216285	0.870695	0.139270	0.975271	-0.171610	-0.886280	0.045459	-0.460913
18687	6.141760	-4.091081	-5.712503	0.113551	0.311631	0.360802	-0.438374	0.219313	0.871625	0.139672	0.974615	-0.174980	-0.887874	0.045035	-0.457877
18688	5.898892	-4.301134	-5.731233	0.145259	0.257698	0.267719	-0.435688	0.221839	0.872332	0.139572	0.974081	-0.178005	-0.889211	0.044199	-0.455358
18689	5.781670	-4.449080	-5.719062	0.188068	0.185590	0.164373	-0.433885	0.223172	0.872891	0.138519	0.973841	-0.180129	-0.890256	0.042757	-0.453449
18690	5.865948	-4.507993	-5.685391	0.244451	0.114155	0.049513	-0.432778	0.223639	0.873320	0.136578	0.973824	-0.181695	-0.891095	0.040643	-0.451994
18691	6.107780	-4.498684	-5.605498	0.305553	0.040015	-0.063542	-0.432479	0.222963	0.873642	0.133545	0.974096	-0.182491	-0.891700	0.037747	-0.451051
18692	6.412590	-4.370205	-5.513183	0.360336	-0.026022	-0.168328	-0.432910	0.221365	0.873835	0.129624	0.974592	-0.182672	-0.892069	0.034189	-0.450604
18693	6.618408	-4.241126	-5.413199	0.415843	-0.060293	-0.260701	-0.433845	0.218887	0.873995	0.124911	0.975286	-0.182249	-0.892287	0.030104	-0.450464
18694	6.770657	-4.013712	-5.287455	0.464897	-0.078334	-0.343385	-0.434941	0.215591	0.874269	0.119292	0.976153	-0.181368	-0.892522	0.025409	-0.450288
18695	6.882356	-3.775161	-5.160043	0.506627	-0.079040	-0.413365	-0.436238	0.211698	0.874574	0.113145	0.977122	-0.180084	-0.892689	0.020394	-0.450211
18696	7.022476	-3.528940	-5.054099	0.535191	-0.070054	-0.469429	-0.437357	0.207154	0.875103	0.106337	0.978193	-0.178412	-0.892979	0.015026	-0.449848
18697	7.131186	-3.412876	-4.924680	0.561932	-0.052482	-0.509813	-0.438467	0.202361	0.875669	0.099325	0.979264	-0.176566	-0.893242	0.009558	-0.449475
18698	7.203865	-3.233933	-4.835739	0.580903	-0.024832	-0.556246	-0.439200	0.196945	0.876536	0.091716	0.980407	-0.174328	-0.893696	0.003827	-0.448658
18699	7.234981	-3.150914	-4.760180	0.604246	0.007525	-0.593751	-0.439776	0.191365	0.877483	0.083990	0.981517	-0.171959	-0.894171	-0.001924	-0.447721
18700	7.242091	-3.042153	-4.684537	0.624093	0.036051	-0.631970	-0.439938	0.185194	0.878725	0.075649	0.982670	-0.169227	-0.894836	-0.007974	-0.446324
18701	7.202488	-2.938850	-4.672393	0.649260	0.063827	-0.662158	-0.439963	0.178987	0.879998	0.067263	0.983751	-0.166461	-0.895493	-0.014045	-0.444853
18702	7.124413	-2.823964	-4.622852	0.667624	0.081825	-0.686598	-0.439641	0.172277	0.881497	0.058284	0.984836	-0.163405	-0.896280	-0.020462	-0.443016
18703	7.065910	-2.658840	-4.567514	0.684707	0.092546	-0.698308	-0.439322	0.165752	0.882906	0.049446	0.985802	-0.160466	-0.896968	-0.026840	-0.441280
18704	7.034883	-2.621903	-4.524590	0.686823	0.096703	-0.697018	-0.438748	0.158942	0.884442	0.040244	0.986721	-0.157358	-0.897708	-0.033447	-0.439319
18705	7.022707	-2.534471	-4.476684	0.695627	0.096287	-0.700275	-0.438277	0.152438	0.885819	0.031349	0.987507	-0.154427	-0.898293	-0.039913	-0.437581
18706	7.119225	-2.501450	-4.408121	0.706221	0.092200	-0.701474	-0.437618	0.145584	0.887297	0.021952	0.988241	-0.151319	-0.898893	-0.046742	-0.435668
18707	7.212540	-2.474586	-4.373609	0.710237	0.082127	-0.700241	-0.437160	0.139098	0.888562	0.012935	0.988838	-0.148431	-0.899291	-0.053395	-0.434080
18708	7.419434	-2.440975	-4.330968	0.715669	0.084051	-0.699516	-0.436445	0.132262	0.889957	0.003464	0.989376	-0.145339	-0.899724	-0.060350	-0.432266
18709	7.661078	-2.326434	-4.256376	0.721233	0.088472	-0.694376	-0.435810	0.125863	0.891195	-0.005612	0.989775	-0.142530	-0.900021	-0.067117	-0.430648
18710	7.844531	-2.199845	-4.198422	0.719829	0.104332	-0.682720	-0.434785	0.119215	0.892609	-0.015042	0.990099	-0.139562	-0.900409	-0.074106	-0.428687
18711	8.012023	-2.089597	-4.134450	0.708650	0.129552	-0.665643	-0.433662	0.113163	0.893941	-0.023840	0.990294	-0.136926	-0.900760	-0.080691	-0.426755
18712	8.123944	-1.960546	-4.052842	0.695967	0.160937	-0.650192	-0.432012	0.106896	0.895510	-0.032903	0.990422	-0.134098	-0.901267	-0.087397	-0.424357
18713	8.244240	-1.863693	-4.050998	0.675124	0.197387	-0.624794	-0.430173	0.101352	0.897039	-0.041160	0.990442	-0.131643	-0.901808	-0.093551	-0.421890
18714	8.179803	-1.836990	-4.017412	0.655603	0.231428	-0.601742	-0.427797	0.095653	0.898799	-0.049633	0.990398	-0.129025	-0.902511	-0.099807	-0.418942
18715	8.141938	-1.817893	-4.035620	0.635884	0.262306	-0.580799	-0.425291	0.090643	0.900506	-0.057320	0.990277	-0.126751	-0.903239	-0.105523	-0.415961
18716	8.175826	-1.764339	-4.066307	0.617702	0.289592	-0.557551	-0.422319	0.085474	0.902408	-0.065243	0.990096	-0.124312	-0.904096	-0.111375	-0.412560
18717	8.168795	-1.677937	-4.086471	0.594486	0.317162	-0.529049	-0.419262	0.081083	0.904237	-0.072288	0.989860	-0.122279	-0.904983	-0.116632	-0.409150
18718	8.262780	-1.554906	-4.049059	0.558602	0.344881	-0.498099	-0.415749	0.076602	0.906248	-0.079403	0.989584	-0.120074	-0.906007	-0.121880	-0.405336
18719	8.397448	-1.500405	-4.025975	0.513501	0.380287	-0.448755	-0.412114	0.073112	0.908194	-0.085374	0.989291	-0.118381	-0.907124	-0.126323	-0.401459
18720	8.603027	-1.431935	-3.988965	0.467411	0.402685	-0.413628	-0.408081	0.069576	0.910291	-0.091291	0.988984	-0.116516	-0.908370	-0.130649	-0.397234
18721	8.793915	-1.449486	-3.957286	0.393968	0.423332	-0.364707	-0.404074	0.067016	0.912268	-0.095780	0.988731	-0.115057	-0.909698	-0.133869	-0.393102
18722	8.984046	-1.522635	-3.995684	0.335129	0.434969	-0.328403	-0.399781	0.064396	0.914346	-0.100129	0.988491	-0.113397	-0.911125	-0.136887	-0.388732
18723	9.273103	-1.621054	-4.079679	0.265047	0.425121	-0.296408	-0.395787	0.062529	0.916211	-0.103165	0.988337	-0.112017	-0.912529	-0.138856	-0.384720
18724	9.535369	-1.778554	-4.123766	0.202489	0.412323	-0.279692	-0.391718	0.060379	0.918102	-0.106094	0.988224	-0.110257	-0.913948	-0.140594	-0.380699
