// Start Time: Unknown
// Update Rate: 100.0Hz
// Filter Profile: human (46.1)
// Firmware Version: 4.6.0
PacketCounter	Acc_X	Acc_Y	Acc_Z	Gyr_X	Gyr_Y	Gyr_Z	Mat[1][1]	Mat[2][1]	Mat[3][1]	Mat[1][2]	Mat[2][2]	Mat[3][2]	Mat[1][3]	Mat[2][3]	Mat[3][3]
06136	7.061915	3.244221	5.540282	-0.355470	0.048122	0.248761	0.659483	-0.134228	0.739638	-0.196372	0.919001	0.341869	-0.725617	-0.370701	0.579707
06137	7.184956	3.168693	5.474626	-0.354249	-0.009832	0.285118	0.649985	-0.122128	0.750069	-0.211749	0.918808	0.333097	-0.729850	-0.375335	0.571351
06138	7.288565	3.022323	5.456002	-0.357751	-0.054547	0.325957	0.654301	-0.123900	0.746015	-0.207871	0.919021	0.334949	-0.727103	-0.374232	0.575561
06139	7.331098	2.913722	5.388694	-0.352961	-0.095179	0.366626	0.652847	-0.120882	0.747782	-0.207698	0.920784	0.330178	-0.728459	-0.370869	0.576024
06140	7.347048	2.722001	5.337123	-0.347063	-0.123315	0.398507	0.650348	-0.117475	0.750498	-0.207928	0.922709	0.324613	-0.730625	-0.367161	0.575656
06141	7.512431	2.581257	5.293011	-0.332603	-0.137668	0.419818	0.648468	-0.114101	0.752643	-0.208221	0.924411	0.319543	-0.732211	-0.363929	0.575692
06142	7.654753	2.442504	5.324612	-0.322008	-0.132903	0.443566	0.645375	-0.109347	0.755999	-0.209196	0.926562	0.312602	-0.734662	-0.359897	0.575105
06143	7.758611	2.339876	5.365523	-0.301568	-0.120978	0.461131	0.643518	-0.105504	0.758125	-0.209950	0.928138	0.307376	-0.736074	-0.356971	0.575124
06144	7.857499	2.295101	5.403017	-0.293190	-0.092306	0.478343	0.638324	-0.097929	0.763514	-0.212137	0.931087	0.296776	-0.739960	-0.351408	0.573560
06145	7.813126	2.225292	5.363991	-0.293112	-0.064319	0.489704	0.636806	-0.093591	0.765323	-0.213088	0.932582	0.291350	-0.740994	-0.348615	0.573930
06146	7.778632	2.116933	5.339584	-0.292418	-0.039912	0.495954	0.629774	-0.083408	0.772287	-0.215971	0.936216	0.277230	-0.746151	-0.341384	0.571591
06147	7.699814	2.030177	5.372380	-0.295636	-0.019520	0.492407	0.628563	-0.078861	0.773750	-0.216862	0.937621	0.271732	-0.746913	-0.338598	0.572252
06148	7.743798	1.928845	5.389518	-0.301753	0.003603	0.478160	0.621183	-0.067451	0.780757	-0.219489	0.941440	0.255961	-0.752301	-0.330366	0.570002
06149	7.686219	1.844375	5.401903	-0.297558	0.028664	0.455574	0.620398	-0.063065	0.781748	-0.220078	0.942716	0.250705	-0.752777	-0.327582	0.570979
06150	7.705172	1.695819	5.425130	-0.288809	0.041234	0.429434	0.613992	-0.051707	0.787617	-0.222020	0.946250	0.235199	-0.757444	-0.319277	0.569510
06151	7.708002	1.580018	5.459095	-0.280533	0.062183	0.390372	0.613596	-0.047813	0.788172	-0.222291	0.947336	0.230524	-0.757685	-0.316652	0.570653
06152	7.653056	1.525977	5.483149	-0.255157	0.075000	0.352257	0.608692	-0.037128	0.792537	-0.223445	0.950451	0.216138	-0.761292	-0.308650	0.570236
06153	7.622051	1.476203	5.484303	-0.234429	0.087513	0.309436	0.608667	-0.033916	0.792701	-0.223544	0.951282	0.212347	-0.761284	-0.306452	0.571432
06154	7.601583	1.453624	5.550082	-0.208870	0.102483	0.271716	0.605468	-0.024558	0.795490	-0.224038	0.953845	0.199969	-0.763685	-0.299295	0.572021
06155	7.601183	1.485259	5.613361	-0.186595	0.111675	0.232682	0.605800	-0.022005	0.795313	-0.224023	0.954456	0.197049	-0.763427	-0.297541	0.573279
06156	7.556403	1.487641	5.603789	-0.171754	0.112492	0.192791	0.604155	-0.014271	0.796739	-0.224009	0.956479	0.186995	-0.764733	-0.291451	0.574664
06157	7.582924	1.528020	5.698821	-0.149566	0.121153	0.167129	0.604707	-0.012320	0.796353	-0.223876	0.956936	0.184804	-0.764336	-0.290036	0.575908
06158	7.596034	1.608741	5.728101	-0.142582	0.124436	0.134271	0.604388	-0.006385	0.796664	-0.223604	0.958415	0.177319	-0.764667	-0.285307	0.577827
06159	7.571360	1.602722	5.794844	-0.135114	0.118789	0.116411	0.605036	-0.004931	0.796183	-0.223276	0.958806	0.175610	-0.764251	-0.284019	0.579011
06160	7.540216	1.647175	5.827011	-0.125673	0.112275	0.100662	0.605584	-0.000766	0.795781	-0.222302	0.960026	0.170094	-0.764101	-0.279909	0.581207
06161	7.524982	1.664720	5.902248	-0.114866	0.101550	0.087418	0.606166	0.000358	0.795338	-0.221954	0.960347	0.168730	-0.763740	-0.278807	0.582209
06162	7.496093	1.660270	5.857282	-0.108766	0.083109	0.077992	0.607207	0.003218	0.794537	-0.221505	0.961032	0.165388	-0.763043	-0.276419	0.584259
06163	7.479975	1.678921	5.875188	-0.093473	0.063576	0.069714	0.607538	0.004064	0.794280	-0.221216	0.961287	0.164287	-0.762864	-0.275518	0.584918
06164	7.460115	1.695924	5.782416	-0.084643	0.043998	0.067991	0.608841	0.005918	0.793270	-0.219950	0.962027	0.161636	-0.762191	-0.272890	0.587023
06165	7.319376	1.734962	5.758712	-0.068228	0.032276	0.069330	0.608935	0.006673	0.793192	-0.219852	0.962209	0.160685	-0.762144	-0.272232	0.587389
06166	7.284194	1.766367	5.772694	-0.052875	0.006056	0.070850	0.609932	0.007637	0.792417	-0.219093	0.962602	0.159361	-0.761565	-0.270812	0.588795
06167	7.328078	1.797094	5.715386	-0.042670	-0.026857	0.071868	0.609570	0.008256	0.792690	-0.219206	0.962712	0.158540	-0.761823	-0.270403	0.588650
06168	7.410717	1.848879	5.698089	-0.032801	-0.032632	0.083335	0.610684	0.012475	0.791776	-0.224099	0.961724	0.157691	-0.759503	-0.273736	0.590106
06169	7.414403	1.840766	5.695920	-0.023635	-0.039946	0.092186	0.610174	0.013253	0.792156	-0.224482	0.961777	0.156822	-0.759799	-0.273514	0.589826
06170	7.463167	1.931914	5.688900	-0.017424	-0.046266	0.104556	0.610630	0.009865	0.791855	-0.217991	0.963386	0.156099	-0.761322	-0.267936	0.590423
06171	7.445805	1.932848	5.686345	-0.008583	-0.050157	0.118673	0.609989	0.010874	0.792336	-0.218650	0.963397	0.155109	-0.761647	-0.267858	0.590039
06172	7.438548	2.012574	5.692290	-0.013209	-0.052583	0.139493	0.610050	0.015116	0.792218	-0.225126	0.961921	0.155005	-0.759708	-0.272910	0.590223
06173	7.441206	2.050864	5.709730	-0.018820	-0.050008	0.159130	0.609311	0.016510	0.792759	-0.225953	0.961947	0.153633	-0.760056	-0.272737	0.589856
06174	7.593555	2.057075	5.764395	-0.032101	-0.061447	0.183389	0.609819	0.020722	0.792270	-0.232309	0.960423	0.153691	-0.757729	-0.277775	0.590497
06175	7.744760	2.118628	5.762884	-0.055788	-0.066200	0.203173	0.608844	0.022490	0.792971	-0.233124	0.960533	0.151751	-0.758263	-0.277254	0.590058
06176	7.739143	2.008803	5.772930	-0.073081	-0.054703	0.230133	0.608087	0.029046	0.793339	-0.243711	0.957905	0.151731	-0.755537	-0.285612	0.589568
06177	7.631724	1.958839	5.874498	-0.089736	-0.065389	0.254519	0.606971	0.031298	0.794108	-0.244580	0.958084	0.149182	-0.756153	-0.284772	0.589184
06178	7.612028	1.864025	5.916297	-0.115257	-0.108756	0.277124	0.605661	0.031802	0.795087	-0.245278	0.958008	0.148523	-0.756976	-0.284972	0.588029
06179	7.718979	1.752713	5.861873	-0.129192	-0.139465	0.297232	0.603874	0.034254	0.796343	-0.246097	0.958277	0.145398	-0.758137	-0.283780	0.587109
06180	7.690010	1.631762	5.834493	-0.143912	-0.157886	0.318938	0.602470	0.042110	0.797030	-0.256813	0.955729	0.143629	-0.755697	-0.291220	0.586612
06181	7.592198	1.530971	5.831002	-0.152726	-0.178356	0.333590	0.600262	0.044781	0.798549	-0.257664	0.956028	0.140072	-0.757162	-0.289837	0.585405
06182	7.573338	1.367031	5.811290	-0.162883	-0.206812	0.349857	0.599309	0.031926	0.799881	-0.235993	0.961845	0.138426	-0.764942	-0.271726	0.583977
06183	7.707097	1.287661	5.823351	-0.166402	-0.229574	0.353984	0.596713	0.034710	0.801703	-0.236835	0.962178	0.134620	-0.766709	-0.270201	0.582365
06184	7.871376	1.156748	5.843083	-0.160524	-0.233827	0.346609	0.595177	0.029689	0.803046	-0.225832	0.965224	0.131691	-0.771210	-0.259733	0.581184
06185	7.903755	1.099792	5.792969	-0.155017	-0.229704	0.337682	0.592639	0.032355	0.804818	-0.226641	0.965521	0.128075	-0.772925	-0.258307	0.579538
06186	7.877055	1.077043	5.856006	-0.148071	-0.225432	0.326530	0.590884	0.033700	0.806052	-0.226387	0.965909	0.125571	-0.774341	-0.256677	0.578370
06187	7.786122	1.047702	5.824479	-0.152610	-0.246233	0.312850	0.588265	0.036093	0.807862	-0.227048	0.966191	0.122164	-0.776140	-0.255289	0.576572
06188	7.775392	0.966186	5.753929	-0.149859	-0.252285	0.301519	0.586131	0.036179	0.809408	-0.223994	0.967302	0.118968	-0.778638	-0.251034	0.575070
06189	7.674262	0.921076	5.710941	-0.139593	-0.267320	0.281455	0.583415	0.038234	0.811274	-0.224552	0.967547	0.115884	-0.780515	-0.249782	0.573067
06190	7.613940	0.846825	5.685389	-0.131500	-0.298333	0.258826	0.581157	0.037902	0.812908	-0.221484	0.968574	0.113181	-0.783072	-0.245822	0.571288
06191	7.539467	0.806182	5.615402	-0.114612	-0.322332	0.235648	0.578106	0.039396	0.815010	-0.221952	0.968764	0.110607	-0.785195	-0.244836	0.568793
06192	7.408613	0.811553	5.581710	-0.102281	-0.348060	0.219946	0.574928	0.047871	0.816802	-0.233889	0.966246	0.108000	-0.784062	-0.253133	0.566719
06193	7.340028	0.885536	5.530993	-0.094890	-0.380933	0.205951	0.571454	0.048900	0.819176	-0.234325	0.966387	0.105776	-0.786468	-0.252400	0.563704
06194	7.436627	0.840963	5.528371	-0.089432	-0.423667	0.202240	0.568403	0.050160	0.821220	-0.235226	0.966384	0.103783	-0.788408	-0.252163	0.561094
06195	7.506747	0.898186	5.537156	-0.083837	-0.441614	0.199649	0.564444	0.050980	0.823896	-0.235695	0.966494	0.101670	-0.791107	-0.251575	0.557547
06196	7.503188	0.860713	5.572578	-0.079478	-0.461785	0.193125	0.561066	0.051917	0.826141	-0.236194	0.966581	0.099666	-0.793358	-0.251049	0.554579
06197	7.437050	0.878266	5.514656	-0.071157	-0.491111	0.197121	0.556695	0.052593	0.829050	-0.236731	0.966657	0.097639	-0.796272	-0.250617	0.550584
06198	7.415460	0.852745	5.549090	-0.071020	-0.517583	0.202904	0.552787	0.053619	0.831596	-0.237482	0.966683	0.095532	-0.798767	-0.250298	0.547104
06199	7.422925	0.835333	5.534437	-0.062283	-0.558087	0.210142	0.547819	0.054257	0.834836	-0.238141	0.966725	0.093439	-0.801987	-0.249996	0.542511
06200	7.513144	0.821990	5.474469	-0.056882	-0.589937	0.218262	0.543192	0.057164	0.837661	-0.242476	0.965850	0.091325	-0.803834	-0.252719	0.538502
06201	7.632504	0.795864	5.462915	-0.044947	-0.609933	0.226812	0.537726	0.057816	0.841135	-0.243340	0.965833	0.089177	-0.807240	-0.252635	0.533422
06202	7.743588	0.799902	5.461257	-0.038927	-0.628806	0.232241	0.532743	0.061060	0.844071	-0.248467	0.964722	0.087035	-0.808980	-0.256091	0.529121
06203	7.923014	0.857749	5.514214	-0.030701	-0.657968	0.239950	0.526810	0.061693	0.847742	-0.249491	0.964654	0.084840	-0.812543	-0.256198	0.523581
06204	8.146527	0.851520	5.512050	-0.026821	-0.674040	0.240404	0.521201	0.067130	0.850790	-0.258892	0.962362	0.082666	-0.813219	-0.263348	0.518964
06205	8.242074	0.835112	5.437327	-0.023083	-0.682138	0.256423	0.514974	0.067804	0.854520	-0.260034	0.962250	0.080356	-0.816813	-0.263585	0.513165
06206	8.117434	0.867263	5.230436	-0.028781	-0.707310	0.263117	0.508916	0.072430	0.857764	-0.268157	0.960211	0.078019	-0.817983	-0.269720	0.508089
06207	7.883358	0.908911	5.019679	-0.029633	-0.735854	0.283964	0.502118	0.073174	0.861698	-0.269350	0.960084	0.075423	-0.821784	-0.269970	0.501785
06208	7.958450	0.920704	5.031961	-0.047296	-0.790979	0.296036	0.495436	0.074900	0.865409	-0.272152	0.959499	0.072760	-0.824910	-0.271571	0.495754
06209	8.355421	1.019216	4.937705	-0.074787	-0.859966	0.315933	0.487459	0.075600	0.869867	-0.273087	0.959465	0.069647	-0.829341	-0.271500	0.488345
06210	8.926712	1.084236	4.910981	-0.115725	-0.889066	0.344277	0.480090	0.076209	0.873903	-0.272883	0.959766	0.066215	-0.833696	-0.270262	0.481570
06211	9.217921	1.069851	4.828869	-0.159676	-0.887521	0.378646	0.471633	0.077453	0.878387	-0.273351	0.959906	0.062130	-0.838356	-0.269410	0.473895
06212	9.335399	0.977118	4.677303	-0.214503	-0.875319	0.405735	0.463791	0.079685	0.882354	-0.274805	0.959763	0.057770	-0.842247	-0.269269	0.467028
06213	9.194921	0.867806	4.458183	-0.268088	-0.863006	0.436556	0.455301	0.081564	0.886594	-0.274548	0.960130	0.052662	-0.846950	-0.267390	0.459541
06214	8.988439	0.602968	4.252244	-0.311780	-0.842978	0.456214	0.447425	0.083921	0.890375	-0.274619	0.960380	0.047480	-0.851114	-0.265758	0.452745
06215	9.029872	0.375659	4.262022	-0.348696	-0.809481	0.463702	0.439244	0.086239	0.894219	-0.273700	0.960908	0.041772	-0.855660	-0.263096	0.445676
06216	9.222043	0.220428	4.012103	-0.384235	-0.816292	0.458884	0.431401	0.088729	0.897786	-0.273093	0.961306	0.036219	-0.859833	-0.260804	0.438940
06217	9.033323	-0.037442	3.819308	-0.399547	-0.709412	0.445849	0.424071	0.091181	0.901027	-0.271557	0.961940	0.030464	-0.863957	-0.257599	0.432691
06218	8.859189	-0.290765	4.013998	-0.399403	-0.639780	0.423356	0.417670	0.093580	0.903767	-0.269929	0.962554	0.025079	-0.867577	-0.254427	0.427290
06219	8.861132	-0.430449	3.967788	-0.402141	-0.647457	0.388175	0.410994	0.095685	0.906602	-0.268041	0.963203	0.019854	-0.871342	-0.251167	0.421518
06220	8.989278	-0.605443	3.930057	-0.394171	-0.609752	0.353129	0.404886	0.097726	0.909130	-0.266261	0.963785	0.014980	-0.874741	-0.248131	0.416244
06221	8.957133	-0.706829	4.011084	-0.384446	-0.555279	0.308828	0.399198	0.099338	0.911467	-0.264134	0.964428	0.010574	-0.877994	-0.244970	0.411237
06222	8.791504	-0.789960	3.941387	-0.372708	-0.524552	0.269228	0.393986	0.100809	0.913571	-0.261770	0.965109	0.006394	-0.881052	-0.241664	0.406628
06223	8.625221	-0.889645	3.918856	-0.362853	-0.510546	0.229281	0.388880	0.101801	0.915647	-0.259465	0.965748	0.002825	-0.883997	-0.238677	0.401974
06224	8.575998	-0.963427	3.934194	-0.349326	-0.497687	0.179294	0.384064	0.102662	0.917581	-0.256912	0.966435	-0.000594	-0.886843	-0.235509	0.397548
06225	8.511468	-1.028024	3.898281	-0.334229	-0.498689	0.131635	0.379295	0.102771	0.919551	-0.254446	0.967082	-0.003129	-0.889602	-0.232789	0.392959
06226	8.443491	-1.079768	3.922414	-0.316580	-0.489502	0.091858	0.374749	0.102959	0.921392	-0.251735	0.967779	-0.005757	-0.892296	-0.229789	0.388593
06227	8.521213	-1.195386	4.045215	-0.293360	-0.490442	0.052557	0.370232	0.102351	0.923283	-0.249310	0.968396	-0.007379	-0.894859	-0.227452	0.384049
06228	8.660247	-1.200138	4.053911	-0.264498	-0.515817	-0.000222	0.365669	0.101761	0.925165	-0.246676	0.969055	-0.009091	-0.897461	-0.224892	0.379456
06229	8.648971	-1.209216	3.923893	-0.227859	-0.528675	-0.042734	0.361021	0.100166	0.927163	-0.244473	0.969609	-0.009558	-0.899943	-0.223215	0.374537
06230	8.474344	-1.180753	3.874426	-0.190411	-0.521463	-0.077186	0.356600	0.098930	0.929004	-0.242078	0.970201	-0.010395	-0.902349	-0.221185	0.369923
06231	8.199528	-1.169498	3.765681	-0.158117	-0.548433	-0.113493	0.351916	0.096622	0.931031	-0.240248	0.970661	-0.009925	-0.904674	-0.220186	0.364805
06232	8.152673	-1.161741	3.694965	-0.115823	-0.592731	-0.150385	0.347028	0.094623	0.933069	-0.238193	0.971167	-0.009898	-0.907103	-0.218816	0.359561
06233	8.249384	-1.168400	3.547293	-0.070011	-0.626357	-0.178153	0.341760	0.091527	0.935320	-0.236944	0.971486	-0.008488	-0.909427	-0.218718	0.353702
06234	8.224803	-1.053153	3.440931	-0.019327	-0.642807	-0.201328	0.336524	0.089011	0.937459	-0.235558	0.971830	-0.007716	-0.911737	-0.218229	0.348011
06235	8.239335	-0.964067	3.397973	0.025802	-0.671722	-0.218662	0.330904	0.085422	0.939790	-0.235064	0.971964	-0.005579	-0.913919	-0.219064	0.341706
06236	8.324831	-0.866899	3.432064	0.062009	-0.717320	-0.222401	0.325007	0.082593	0.942098	-0.234376	0.972136	-0.004371	-0.916209	-0.219385	0.335309
06237	8.604665	-0.766752	3.469934	0.088290	-0.775704	-0.227774	0.318422	0.078675	0.944678	-0.234454	0.972125	-0.001934	-0.918498	-0.220867	0.327992
06238	8.808053	-0.643750	3.295991	0.122298	-0.839351	-0.226995	0.311403	0.075534	0.947271	-0.234290	0.972167	-0.000500	-0.920943	-0.221781	0.320432
06239	8.731813	-0.512000	3.180210	0.132463	-0.859356	-0.223427	0.304000	0.071453	0.949989	-0.234824	0.972036	0.002034	-0.923278	-0.223698	0.312278
06240	8.681183	-0.546737	3.083381	0.152321	-0.906209	-0.214297	0.296302	0.068225	0.952655	-0.234901	0.972013	0.003449	-0.925757	-0.224802	0.304035
06241	8.782840	-0.542892	2.982033	0.163872	-0.976615	-0.213727	0.287749	0.063946	0.955569	-0.235796	0.971784	0.005974	-0.928224	-0.227038	0.294708
06242	8.880959	-0.472703	2.715026	0.176371	-1.010173	-0.211874	0.279023	0.060508	0.958376	-0.236282	0.971656	0.007445	-0.930762	-0.228524	0.285411
06243	8.871452	-0.462535	2.569653	0.191740	-1.007797	-0.207205	0.270120	0.056184	0.961186	-0.237499	0.971337	0.009966	-0.933075	-0.230973	0.275721
06244	8.914017	-0.382792	2.561763	0.197133	-1.035277	-0.212124	0.261080	0.052633	0.963881	-0.238220	0.971143	0.011495	-0.935461	-0.232617	0.266085
06245	9.144855	-0.325171	2.447384	0.195562	-1.082496	-0.218741	0.251462	0.047983	0.966677	-0.239491	0.970796	0.014112	-0.937769	-0.235059	0.255610
06246	9.475186	-0.268492	2.276839	0.201284	-1.085954	-0.227722	0.241923	0.044059	0.969295	-0.240094	0.970621	0.015805	-0.940122	-0.236545	0.245393
06247	9.768365	-0.146323	2.195363	0.210434	-1.070120	-0.239211	0.232425	0.039197	0.971824	-0.241506	0.970220	0.018627	-0.942154	-0.239031	0.234970
06248	10.020330	-0.067146	2.150816	0.210968	-1.045912	-0.254639	0.223233	0.035073	0.974134	-0.242397	0.969958	0.020625	-0.944146	-0.240731	0.225028
06249	10.184210	0.046304	2.028273	0.208575	-1.016335	-0.268604	0.214279	0.030014	0.976311	-0.243779	0.969541	0.023698	-0.945863	-0.243083	0.215069
06250	10.275603	0.129844	1.880193	0.197797	-0.951691	-0.278939	0.205964	0.025794	0.978219	-0.244559	0.969288	0.025933	-0.947507	-0.244573	0.205947
06251	10.261120	0.176152	1.828450	0.194296	-0.883077	-0.285566	0.198289	0.020862	0.979921	-0.245823	0.968877	0.029116	-0.948816	-0.246660	0.197246
06252	10.299749	0.236667	1.803907	0.173819	-0.825816	-0.294874	0.191145	0.016671	0.981420	-0.246204	0.968706	0.031496	-0.950183	-0.247650	0.189268
06253	10.419181	0.277805	1.723788	0.164514	-0.773767	-0.290027	0.184502	0.011944	0.982760	-0.247222	0.968339	0.034644	-0.951231	-0.249352	0.181613
06254	10.476262	0.296191	1.681981	0.153367	-0.708463	-0.295501	0.178428	0.007978	0.983921	-0.247529	0.968172	0.037037	-0.952309	-0.250157	0.174724
06255	10.431530	0.314816	1.592384	0.133257	-0.627150	-0.288144	0.173165	0.003621	0.984886	-0.248291	0.967855	0.040097	-0.953082	-0.251482	0.168498
06256	10.331228	0.298074	1.567669	0.120531	-0.549543	-0.279810	0.168540	0.000158	0.985695	-0.248462	0.967716	0.042328	-0.953866	-0.252041	0.163138
06257	10.315668	0.331485	1.578203	0.104122	-0.499886	-0.272468	0.164445	-0.003735	0.986379	-0.249000	0.967449	0.045176	-0.954440	-0.253038	0.158162
06258	10.331393	0.319807	1.534343	0.087796	-0.444260	-0.265386	0.160774	-0.006841	0.986968	-0.248904	0.967375	0.047251	-0.955091	-0.253257	0.153826
06259	10.320880	0.220104	1.547397	0.074150	-0.372392	-0.254966	0.157849	-0.010247	0.987410	-0.249205	0.967166	0.049875	-0.955500	-0.253940	0.150113
06260	10.192032	0.180702	1.579368	0.069094	-0.315620	-0.248141	0.155338	-0.012896	0.987777	-0.248927	0.967138	0.051773	-0.955984	-0.253927	0.147023
06261	10.069759	0.118174	1.547305	0.071850	-0.281408	-0.241295	0.153247	-0.015939	0.988059	-0.249240	0.966921	0.054255	-0.956240	-0.254579	0.144205
06262	9.973147	0.071773	1.490895	0.070292	-0.246089	-0.239235	0.151385	-0.018326	0.988305	-0.249108	0.966850	0.056086	-0.956571	-0.254685	0.141801
06263	9.949673	0.040403	1.534730	0.071990	-0.210858	-0.242710	0.149970	-0.021205	0.988463	-0.249429	0.966620	0.058580	-0.956710	-0.255337	0.139675
06264	9.962590	0.025160	1.520122	0.084852	-0.186369	-0.245966	0.148695	-0.023516	0.988603	-0.249316	0.966531	0.060491	-0.956939	-0.255469	0.137855
06265	10.011901	-0.000681	1.575114	0.096066	-0.157548	-0.257551	0.147828	-0.026403	0.988661	-0.249852	0.966222	0.063163	-0.956933	-0.256356	0.136238
06266	9.991893	0.018255	1.535820	0.113765	-0.129409	-0.263741	0.147144	-0.028727	0.988698	-0.250030	0.966035	0.065279	-0.956992	-0.256809	0.134964
06267	9.905715	0.023236	1.515605	0.130001	-0.094949	-0.269733	0.146909	-0.031571	0.988646	-0.250876	0.965620	0.068115	-0.956807	-0.258034	0.133938
06268	9.696657	0.079333	1.566031	0.144361	-0.062823	-0.279249	0.146912	-0.033862	0.988570	-0.251357	0.965329	0.070420	-0.956680	-0.258829	0.133307
06269	9.774561	0.134540	1.601277	0.157564	-0.065632	-0.281459	0.146991	-0.036743	0.988455	-0.252449	0.964822	0.073406	-0.956380	-0.260324	0.132545
06270	9.850957	0.177801	1.546726	0.160127	-0.044009	-0.275944	0.147185	-0.038952	0.988342	-0.252973	0.964508	0.075686	-0.956212	-0.261164	0.132107
06271	9.901537	0.203593	1.523878	0.169602	-0.009797	-0.274695	0.147786	-0.041621	0.988143	-0.254188	0.963954	0.078618	-0.955797	-0.262793	0.131879
06272	9.833394	0.261455	1.645205	0.183474	0.001913	-0.273504	0.148414	-0.043673	0.987961	-0.255059	0.963534	0.080909	-0.955467	-0.263997	0.131863
06273	9.828537	0.270328	1.608435	0.189184	0.003090	-0.270957	0.149134	-0.046269	0.987734	-0.256462	0.962912	0.083828	-0.954980	-0.265818	0.131737
06274	9.852640	0.317381	1.579780	0.194559	0.019393	-0.267071	0.149930	-0.048233	0.987519	-0.257214	0.962515	0.086063	-0.954653	-0.266907	0.131903
06275	9.826280	0.329098	1.611270	0.202249	0.039644	-0.263112	0.150985	-0.050653	0.987238	-0.258746	0.961844	0.088922	-0.954072	-0.268870	0.132117
06276	9.842941	0.398777	1.654905	0.205836	0.049943	-0.262139	0.152079	-0.052478	0.986974	-0.259678	0.961386	0.091130	-0.953645	-0.270155	0.132579
06277	9.854408	0.433522	1.573209	0.201122	0.070625	-0.258794	0.153424	-0.054768	0.986642	-0.261199	0.960703	0.093945	-0.953014	-0.272123	0.133089
06278	9.816589	0.394089	1.591456	0.204577	0.101139	-0.252328	0.155048	-0.056296	0.986302	-0.262580	0.960115	0.096079	-0.952372	-0.273880	0.134081
06279	9.778169	0.406670	1.663806	0.207410	0.125057	-0.254942	0.156907	-0.058393	0.985886	-0.264155	0.959400	0.098865	-0.951631	-0.275940	0.135112
06280	9.891850	0.410642	1.679318	0.211209	0.141856	-0.258880	0.158889	-0.059939	0.985475	-0.265143	0.958897	0.101071	-0.951028	-0.277351	0.136465
06281	9.953204	0.456308	1.677694	0.210835	0.168162	-0.255757	0.161165	-0.061916	0.984983	-0.266737	0.958155	0.103874	-0.950199	-0.279472	0.137906
06282	9.952175	0.506732	1.731183	0.205676	0.200263	-0.250695	0.163689	-0.063236	0.984483	-0.267450	0.957725	0.105986	-0.949566	-0.280649	0.139856
06283	9.902760	0.566064	1.752103	0.194823	0.214252	-0.237781	0.166358	-0.064903	0.983927	-0.268906	0.957025	0.108594	-0.948691	-0.282649	0.141756
06284	9.803423	0.573562	1.742362	0.175667	0.224890	-0.224709	0.169046	-0.065889	0.983403	-0.269447	0.956664	0.110415	-0.948062	-0.283641	0.143967
06285	9.777698	0.549542	1.778819	0.159345	0.240980	-0.215002	0.171908	-0.067253	0.982815	-0.270589	0.956069	0.112753	-0.947222	-0.285322	0.146158
06286	9.913887	0.471106	1.820393	0.151552	0.242229	-0.224512	0.174827	-0.068105	0.982241	-0.271390	0.955627	0.114563	-0.946458	-0.286599	0.148586
06287	10.067949	0.420791	1.811949	0.148657	0.234072	-0.235319	0.177678	-0.069674	0.981619	-0.272380	0.955039	0.117089	-0.945642	-0.288177	0.150712
06288	10.026225	0.379294	1.682727	0.152842	0.277321	-0.247133	0.180944	-0.070751	0.980945	-0.272402	0.954783	0.119111	-0.945017	-0.288763	0.153489
06289	9.951016	0.383407	1.781573	0.161282	0.328171	-0.264531	0.184763	-0.072318	0.980119	-0.273440	0.954128	0.121947	-0.943977	-0.290535	0.156513
06290	10.071902	0.368130	1.917470	0.171195	0.331551	-0.285564	0.188623	-0.073554	0.979291	-0.273707	0.953740	0.124354	-0.943136	-0.291495	0.159765
06291	10.387880	0.469891	2.007343	0.187244	0.350183	-0.304502	0.192757	-0.075426	0.978343	-0.274890	0.952967	0.127629	-0.941956	-0.293538	0.162957
06292	10.726064	0.632427	2.200140	0.215344	0.413614	-0.321831	0.197543	-0.076687	0.977290	-0.275737	0.952338	0.130464	-0.940716	-0.295247	0.166982
06293	11.089041	0.827602	2.648606	0.229956	0.450237	-0.343474	0.202722	-0.078614	0.976076	-0.277210	0.951391	0.134200	-0.939180	-0.297783	0.171076
06294	11.393853	1.139756	2.832936	0.237479	0.445956	-0.347405	0.207866	-0.080006	0.974880	-0.278221	0.950647	0.137341	-0.937755	-0.299781	0.175348
06295	11.521124	1.481590	2.839738	0.220912	0.454813	-0.338804	0.213071	-0.081849	0.973602	-0.279577	0.949710	0.141025	-0.936183	-0.302245	0.179472
06296	11.354085	1.581125	2.958897	0.206751	0.485017	-0.323188	0.218533	-0.082899	0.972302	-0.280221	0.949088	0.143902	-0.934730	-0.303907	0.184177
06297	11.224778	1.657368	3.055613	0.194168	0.444805	-0.325705	0.223600	-0.084625	0.971000	-0.281313	0.948225	0.147420	-0.933202	-0.306118	0.188216
06298	11.026965	1.805513	2.813183	0.176430	0.360578	-0.322964	0.227943	-0.086047	0.969865	-0.281689	0.947664	0.150281	-0.932037	-0.307456	0.191775
06299	10.675387	1.884158	2.505828	0.158651	0.338294	-0.310710	0.231968	-0.087939	0.968740	-0.282451	0.946906	0.153591	-0.930813	-0.309250	0.194813
06300	10.131670	1.876279	2.195451	0.147487	0.301239	-0.304088	0.235737	-0.089364	0.967699	-0.282680	0.946401	0.156260	-0.929796	-0.310386	0.197841
06301	9.537344	1.973411	1.771569	0.142071	0.240420	-0.293784	0.238801	-0.091387	0.966759	-0.283302	0.945695	0.159375	-0.928824	-0.311944	0.199943
06302	9.051222	2.004501	1.312540	0.146619	0.188168	-0.289968	0.241474	-0.093023	0.965938	-0.283808	0.945103	0.161966	-0.927978	-0.313252	0.201817
06303	8.668650	2.195978	0.875648	0.149229	0.141829	-0.291852	0.243617	-0.095327	0.965175	-0.284483	0.944362	0.165077	-0.927211	-0.314792	0.202943
06304	8.319973	2.357299	0.467744	0.151888	0.096967	-0.278666	0.245348	-0.097348	0.964535	-0.284462	0.943919	0.167626	-0.926761	-0.315500	0.203896
06305	7.970405	2.560812	0.126309	0.149936	0.069267	-0.264644	0.246741	-0.099618	0.963948	-0.285199	0.943186	0.170475	-0.926164	-0.316980	0.204312
06306	7.732762	2.716246	-0.186660	0.138010	0.040718	-0.250014	0.247834	-0.101543	0.963466	-0.285467	0.942685	0.172784	-0.925790	-0.317859	0.204642
06307	7.773294	2.900476	-0.144359	0.124922	0.019203	-0.234262	0.248679	-0.103681	0.963021	-0.286040	0.942049	0.175287	-0.925386	-0.319053	0.204611
06308	8.257544	3.052786	0.046752	0.106387	-0.009554	-0.230980	0.249181	-0.105697	0.962672	-0.286065	0.941639	0.177434	-0.925243	-0.319600	0.204403
06309	8.989640	3.198520	0.265542	0.076227	-0.031415	-0.222362	0.249525	-0.107882	0.962340	-0.286215	0.941160	0.179721	-0.925105	-0.320281	0.203965
06310	9.676571	3.328569	0.412731	0.054209	0.021887	-0.220568	0.250277	-0.109760	0.961933	-0.286036	0.940820	0.181772	-0.924957	-0.320640	0.204070
06311	10.078990	3.358030	0.645201	0.017000	0.106703	-0.221115	0.251894	-0.111489	0.961311	-0.285637	0.940523	0.183924	-0.924641	-0.320915	0.205067
06312	10.188748	3.366227	0.672069	-0.001806	0.169131	-0.217656	0.253913	-0.112997	0.960604	-0.284770	0.940399	0.185892	-0.924356	-0.320751	0.206601
06313	10.049569	3.368869	0.753563	-0.012330	0.263670	-0.224196	0.256985	-0.114250	0.959638	-0.284082	0.940186	0.188010	-0.923719	-0.320932	0.209157
06314	9.879576	3.435816	0.900107	-0.024011	0.325158	-0.228931	0.260436	-0.115447	0.958564	-0.283000	0.940090	0.190112	-0.923084	-0.320785	0.212161
06315	9.631356	3.520543	0.865476	-0.039851	0.357529	-0.229712	0.264381	-0.116451	0.957362	-0.282028	0.939953	0.192218	-0.922259	-0.320822	0.215664
06316	9.283551	3.482859	0.876106	-0.047065	0.431405	-0.225622	0.268787	-0.117329	0.956027	-0.280824	0.939886	0.194301	-0.921353	-0.320701	0.219680
06317	8.910813	3.451864	1.086150	-0.044186	0.478767	-0.239112	0.273863	-0.118032	0.954499	-0.279767	0.939748	0.196478	-0.920179	-0.320846	0.224341
06318	8.703462	3.468359	1.289402	-0.041094	0.458253	-0.246471	0.278573	-0.119052	0.953008	-0.278709	0.939566	0.198842	-0.919086	-0.321003	0.228557
06319	8.651841	3.524722	1.405260	-0.027001	0.440931	-0.246276	0.283306	-0.119941	0.951500	-0.277768	0.939360	0.201115	-0.917923	-0.321273	0.232811
06320	8.677087	3.627708	1.645786	-0.012683	0.415373	-0.243781	0.287599	-0.121141	0.950059	-0.276949	0.939072	0.203577	-0.916835	-0.321666	0.236526
06321	8.612022	3.698236	1.709444	-0.016250	0.338513	-0.231287	0.291338	-0.122215	0.948781	-0.276130	0.938845	0.205725	-0.915901	-0.321922	0.239774
06322	8.397717	3.763436	1.620940	-0.025058	0.285950	-0.203553	0.294323	-0.123520	0.947690	-0.275261	0.938637	0.207827	-0.915208	-0.322030	0.242262
06323	8.283046	3.826534	1.687705	-0.039580	0.235052	-0.169079	0.296936	-0.124342	0.946767	-0.274398	0.938557	0.209323	-0.914623	-0.321947	0.244572
06324	8.321310	3.811743	1.710606	-0.063707	0.148380	-0.137736	0.298520	-0.125480	0.946119	-0.273546	0.938481	0.210776	-0.914362	-0.321728	0.245831
06325	8.541159	3.826635	1.638981	-0.084066	0.092200	-0.095227	0.299620	-0.126069	0.945692	-0.272492	0.938633	0.211461	-0.914317	-0.321051	0.246881
06326	8.653241	3.730085	1.558983	-0.099640	0.090535	-0.054381	0.300453	-0.126673	0.945347	-0.271548	0.938764	0.212095	-0.914325	-0.320431	0.247657
06327	8.713829	3.594585	1.667922	-0.105441	0.110491	-0.023638	0.301525	-0.126534	0.945025	-0.270512	0.939074	0.212048	-0.914279	-0.319578	0.248926
06328	8.713447	3.482458	1.669970	-0.101720	0.112853	0.003242	0.302423	-0.126546	0.944736	-0.269819	0.939242	0.212182	-0.914187	-0.319076	0.249904
06329	8.801186	3.397497	1.713400	-0.095791	0.147419	0.030625	0.303685	-0.125781	0.944433	-0.269036	0.939588	0.211645	-0.914000	-0.318359	0.251500
06330	8.851940	3.359689	1.893438	-0.083818	0.206771	0.064882	0.305279	-0.124939	0.944031	-0.268729	0.939759	0.211275	-0.913559	-0.318186	0.253314
06331	8.877305	3.260811	2.011256	-0.076067	0.242872	0.102456	0.307220	-0.123197	0.943631	-0.268347	0.940130	0.210106	-0.913020	-0.317769	0.255767
06332	8.781049	3.193071	2.147995	-0.063390	0.284778	0.129899	0.309358	-0.121513	0.943150	-0.268458	0.940300	0.209202	-0.912265	-0.317914	0.258268
06333	8.746609	3.094945	2.260742	-0.039319	0.301717	0.154495	0.311691	-0.119094	0.942690	-0.268579	0.940613	0.207635	-0.911435	-0.317905	0.261195
06334	8.664698	3.059046	2.327433	-0.018008	0.313072	0.166390	0.313998	-0.116983	0.942189	-0.269251	0.940665	0.206525	-0.910444	-0.318534	0.263870
06335	8.635891	3.023963	2.381756	0.006168	0.326765	0.197444	0.316437	-0.114077	0.941729	-0.269929	0.940875	0.204674	-0.909399	-0.318967	0.266935
06336	8.581095	3.004037	2.422369	0.023774	0.344973	0.231338	0.318867	-0.111245	0.941248	-0.271236	0.940844	0.203084	-0.908160	-0.320057	0.269830
06337	8.551863	2.928034	2.518241	0.047430	0.355820	0.266768	0.321368	-0.107588	0.940823	-0.272520	0.940986	0.200695	-0.906893	-0.320890	0.273082
06338	8.517372	2.857338	2.591604	0.070730	0.366061	0.306783	0.323785	-0.103964	0.940401	-0.274548	0.940853	0.198542	-0.905421	-0.322470	0.276091
06339	8.496412	2.730431	2.616786	0.102584	0.367713	0.344440	0.326160	-0.099529	0.940060	-0.276595	0.940873	0.195582	-0.903944	-0.323807	0.279346
06340	8.449196	2.714972	2.580149	0.139136	0.366336	0.378845	0.328374	-0.095202	0.939738	-0.279531	0.940547	0.192961	-0.902238	-0.326049	0.282239
06341	8.342325	2.652757	2.513569	0.180753	0.367872	0.415321	0.330519	-0.090087	0.939490	-0.282528	0.940342	0.189564	-0.900519	-0.328087	0.285349
06342	8.237348	2.684822	2.398027	0.220447	0.350688	0.450772	0.332361	-0.085115	0.939304	-0.286465	0.939760	0.186519	-0.898595	-0.331069	0.287957
06343	8.197774	2.700231	2.314035	0.253179	0.337176	0.487852	0.333978	-0.079406	0.939230	-0.290363	0.939321	0.182663	-0.896743	-0.333723	0.290656
06344	8.285323	2.682844	2.298522	0.283104	0.345452	0.527332	0.335503	-0.073714	0.939151	-0.295149	0.938514	0.179104	-0.894609	-0.337279	0.293118
06345	8.526962	2.649165	2.328229	0.314513	0.353231	0.558779	0.336994	-0.067270	0.939100	-0.299838	0.937844	0.174776	-0.892487	-0.340476	0.295878
06346	8.880601	2.543022	2.369671	0.358654	0.389640	0.588090	0.338660	-0.060844	0.938939	-0.305520	0.936724	0.170897	-0.889925	-0.344741	0.298642
06347	9.052203	2.405232	2.101323	0.407607	0.411445	0.622966	0.340392	-0.053581	0.938756	-0.311257	0.935668	0.166266	-0.887272	-0.348790	0.301817
06348	8.729713	2.338206	1.793467	0.484082	0.513789	0.660967	0.342820	-0.046025	0.938273	-0.318290	0.934030	0.162112	-0.883836	-0.354218	0.305555
06349	8.365374	2.244241	2.006323	0.554876	0.599658	0.695663	0.345866	-0.037389	0.937539	-0.325578	0.932340	0.157291	-0.879986	-0.359644	0.310292
06350	8.429174	2.107064	2.289345	0.635209	0.576254	0.720980	0.348483	-0.029027	0.936866	-0.334119	0.930014	0.153096	-0.875742	-0.366375	0.314395
06351	8.982411	2.118380	2.490455	0.727930	0.537045	0.752484	0.350623	-0.020049	0.936302	-0.343108	0.927508	0.148346	-0.871401	-0.373266	0.318327
06352	9.480414	2.240155	2.581731	0.824761	0.542926	0.792274	0.352505	-0.011109	0.935744	-0.353507	0.924260	0.144143	-0.866472	-0.381603	0.321879
06353	9.511324	2.369090	2.638940	0.914987	0.570072	0.846399	0.354388	-0.001098	0.935098	-0.364402	0.920781	0.139184	-0.861174	-0.390077	0.325913
06354	9.462791	2.413146	2.783651	0.984206	0.598559	0.899037	0.356104	0.009074	0.934402	-0.376479	0.916598	0.134577	-0.855250	-0.399707	0.329820
06355	9.531188	2.480529	2.866900	1.038887	0.566837	0.947782	0.357305	0.020035	0.933773	-0.388714	0.912259	0.129167	-0.849255	-0.409123	0.333743
06356	9.562425	2.520615	2.740525	1.092097	0.549782	1.000194	0.357904	0.030958	0.933245	-0.401974	0.907207	0.124065	-0.842806	-0.419544	0.337138
06357	9.508353	2.412592	2.739134	1.131927	0.610243	1.044786	0.358754	0.043002	0.932441	-0.415220	0.902015	0.118156	-0.835995	-0.429557	0.341457
06358	9.628990	2.292189	3.126983	1.175365	0.638860	1.089587	0.359361	0.055114	0.931570	-0.429364	0.896083	0.112616	-0.828557	-0.440453	0.345681
06359	10.003501	2.182480	3.448685	1.220276	0.614332	1.126064	0.359510	0.067909	0.930667	-0.443477	0.889951	0.106373	-0.821025	-0.450971	0.350062
06360	10.658145	2.075503	3.958718	1.257470	0.658593	1.159063	0.359548	0.080733	0.929628	-0.458379	0.883045	0.100598	-0.812782	-0.462291	0.354503
06361	10.948479	1.963102	4.225634	1.292317	0.627888	1.184658	0.359104	0.094089	0.928543	-0.473086	0.875966	0.094200	-0.804508	-0.473108	0.359075
06362	10.693685	1.897303	4.034974	1.313980	0.621745	1.213819	0.358125	0.107206	0.927498	-0.488428	0.868130	0.088247	-0.795729	-0.484620	0.363262
06363	10.318066	1.785428	4.411341	1.332813	0.671413	1.216133	0.357404	0.121006	0.926078	-0.503325	0.860212	0.081850	-0.786719	-0.495371	0.368348
06364	10.604162	1.667804	4.977545	1.316286	0.557447	1.197271	0.355528	0.133619	0.925065	-0.518380	0.851749	0.076199	-0.777742	-0.506626	0.372086
06365	11.199651	1.665021	4.926278	1.289049	0.422860	1.166087	0.352669	0.145667	0.924341	-0.532481	0.843523	0.070230	-0.769473	-0.516962	0.375049
06366	11.497236	1.526928	4.790271	1.263476	0.444928	1.135025	0.349833	0.157113	0.923543	-0.546650	0.834831	0.065046	-0.760783	-0.527610	0.377937
06367	11.254176	1.417839	4.993839	1.224560	0.447005	1.098120	0.347137	0.168614	0.922532	-0.559742	0.826524	0.059558	-0.752453	-0.537054	0.381297
06368	10.906675	1.291845	4.749362	1.163190	0.368718	1.062570	0.343762	0.178963	0.921846	-0.572638	0.817978	0.054742	-0.744253	-0.546702	0.383671
06369	10.385858	1.216989	4.234526	1.082042	0.321842	1.034435	0.340159	0.189155	0.921147	-0.584189	0.810115	0.049373	-0.736895	-0.554919	0.386070
06370	9.734469	1.049814	3.878749	0.988464	0.304069	1.010745	0.336306	0.198627	0.920568	-0.595376	0.802219	0.044413	-0.729675	-0.563020	0.388049
06371	9.122178	0.784929	3.512380	0.866664	0.267471	0.988257	0.332315	0.208033	0.919940	-0.604977	0.795302	0.038691	-0.723581	-0.569400	0.390146
06372	8.651312	0.397323	3.038769	0.756041	0.237670	0.959306	0.328051	0.216616	0.919489	-0.614097	0.788526	0.033331	-0.717821	-0.575590	0.391700
06373	8.348922	-0.063035	2.711846	0.655909	0.256729	0.920793	0.324195	0.225330	0.918762	-0.621792	0.782701	0.027445	-0.712932	-0.580176	0.393856
06374	8.086655	-0.448880	2.665897	0.578739	0.317602	0.862929	0.320911	0.233525	0.917868	-0.629140	0.776972	0.022286	-0.707954	-0.584620	0.396259
06375	8.053999	-0.806288	2.925436	0.523918	0.380700	0.786815	0.318621	0.241847	0.916510	-0.635353	0.772031	0.017155	-0.703426	-0.587774	0.399643
06376	8.319829	-1.096869	3.420748	0.492991	0.414598	0.698697	0.316913	0.249279	0.915110	-0.641408	0.767087	0.013169	-0.698686	-0.591133	0.402989
06377	8.670041	-1.151028	3.786782	0.462088	0.412146	0.614928	0.315821	0.256420	0.913513	-0.646572	0.762795	0.009420	-0.694407	-0.593627	0.406701
06378	8.678505	-1.155677	3.952568	0.428513	0.428602	0.568671	0.314940	0.262918	0.911969	-0.651635	0.758506	0.006362	-0.690061	-0.596274	0.410211
06379	8.389750	-1.307111	4.104155	0.380504	0.434459	0.538135	0.314410	0.269579	0.910205	-0.655947	0.754801	0.003029	-0.686207	-0.597998	0.414147
06380	8.048940	-1.536451	4.174223	0.347249	0.377883	0.503657	0.313528	0.275275	0.908804	-0.660143	0.751140	0.000224	-0.682577	-0.600010	0.417224
06381	7.902076	-1.815064	4.122178	0.315665	0.306492	0.468593	0.312512	0.280623	0.907517	-0.663759	0.747942	-0.002707	-0.679529	-0.601526	0.420007
06382	7.932349	-2.061519	4.024490	0.303924	0.234590	0.439505	0.311031	0.284979	0.906668	-0.667358	0.744719	-0.005140	-0.676678	-0.603474	0.421814
06383	8.011905	-2.293398	4.023799	0.314579	0.183365	0.415860	0.309486	0.289172	0.905869	-0.670772	0.741625	-0.007576	-0.674005	-0.605287	0.423491
06384	8.029886	-2.416371	3.970963	0.328094	0.140343	0.385347	0.307699	0.292555	0.905391	-0.674251	0.738442	-0.009464	-0.671348	-0.607548	0.424473
06385	8.081027	-2.470710	4.040608	0.348038	0.102659	0.353888	0.305993	0.295782	0.904921	-0.677668	0.735283	-0.011185	-0.668681	-0.609813	0.425433
06386	8.219050	-2.577471	4.087195	0.366091	0.056261	0.322275	0.304046	0.298187	0.904788	-0.681088	0.732097	-0.012400	-0.666090	-0.612470	0.425682
06387	8.346642	-2.662901	4.057244	0.386430	0.005271	0.284801	0.302135	0.300293	0.904731	-0.684519	0.728873	-0.013328	-0.663436	-0.615279	0.425774
06388	8.313774	-2.667567	3.895197	0.412165	-0.011731	0.256227	0.300171	0.301796	0.904885	-0.687926	0.725649	-0.013817	-0.660799	-0.618346	0.425432
06389	8.309028	-2.705331	3.855665	0.443691	-0.043152	0.218268	0.298380	0.303102	0.905041	-0.691504	0.722239	-0.013902	-0.657869	-0.621691	0.425098
06390	8.328496	-2.723530	3.741656	0.471887	-0.088563	0.176679	0.296448	0.303548	0.905526	-0.694950	0.718931	-0.013488	-0.655105	-0.625297	0.424076
06391	8.372905	-2.688180	3.577114	0.517418	-0.118242	0.135823	0.294727	0.303773	0.906012	-0.698732	0.715274	-0.012523	-0.651850	-0.629369	0.423067
06392	8.380880	-2.610734	3.530854	0.558250	-0.137672	0.096226	0.293030	0.303324	0.906713	-0.702389	0.711707	-0.011091	-0.648678	-0.633615	0.421603
06393	8.447667	-2.446012	3.483340	0.600884	-0.163970	0.055684	0.291576	0.302669	0.907400	-0.706438	0.707717	-0.009063	-0.644925	-0.638379	0.420171
06394	8.498982	-2.222019	3.503669	0.630380	-0.178587	0.011364	0.290214	0.301346	0.908276	-0.710203	0.703965	-0.006635	-0.641395	-0.643135	0.418318
06395	8.570017	-2.049558	3.425715	0.659490	-0.191984	-0.031636	0.289211	0.299877	0.909082	-0.714327	0.699802	-0.003590	-0.637255	-0.648344	0.416601
06396	8.589377	-1.814247	3.438311	0.680836	-0.192592	-0.077234	0.288399	0.297831	0.910012	-0.718061	0.695980	-0.000216	-0.633415	-0.653382	0.414581
06397	8.713265	-1.581880	3.428561	0.691926	-0.180337	-0.114986	0.288088	0.295843	0.910759	-0.722096	0.691783	0.003698	-0.628953	-0.658721	0.412921
06398	8.801829	-1.304965	3.485948	0.694729	-0.175220	-0.156406	0.287970	0.293356	0.911600	-0.725603	0.688069	0.007791	-0.624959	-0.663704	0.411004
06399	8.873193	-1.042896	3.492791	0.691272	-0.143759	-0.196270	0.288501	0.291044	0.912173	-0.729341	0.684037	0.012422	-0.620346	-0.668869	0.409616
06400	8.933902	-0.873523	3.603571	0.678525	-0.110498	-0.229516	0.289334	0.288491	0.912720	-0.732464	0.680591	0.017072	-0.616265	-0.673475	0.408228
06401	8.926653	-0.740666	3.593470	0.660321	-0.078479	-0.261877	0.290773	0.286175	0.912992	-0.735758	0.676882	0.022160	-0.611646	-0.678185	0.407375
06402	8.832501	-0.546529	3.626041	0.638315	-0.038675	-0.284161	0.292461	0.283752	0.913209	-0.738412	0.673804	0.027117	-0.607630	-0.682256	0.406588
06403	8.663904	-0.455774	3.618278	0.611342	0.005361	-0.311699	0.294797	0.281685	0.913098	-0.741197	0.670502	0.032453	-0.603093	-0.686353	0.406447
06404	8.459117	-0.324438	3.656537	0.582858	0.031141	-0.336396	0.297304	0.279411	0.912984	-0.743304	0.667893	0.037647	-0.599257	-0.689817	0.406255
06405	8.338751	-0.252431	3.655143	0.558649	0.046528	-0.364148	0.300291	0.277297	0.912651	-0.745552	0.665043	0.043245	-0.594961	-0.693415	0.406446
06406	8.287555	-0.148849	3.653740	0.526368	0.072175	-0.370401	0.303301	0.275110	0.912317	-0.747168	0.662862	0.048511	-0.591395	-0.696368	0.406600
